"Class","TotalAA","G","P","A","V","L","I","M","C","F","Y","W","H","K","R","Q","N","E","D","S","T"
0,393,0.05852417,0.1145038,0.0610687,0.04580153,0.08142494,0.02035623,0.03053435,0.02544529,0.02798982,0.02290076,0.01017812,0.03053435,0.05089059,0.06615776,0.03816794,0.03562341,0.07633588,0.05089059,0.09669211,0.05597964
0,2016,0.05803571,0.05257937,0.06746032,0.05902778,0.1125992,0.06051587,0.03422619,0.02083333,0.06150794,0.02678571,0.01636905,0.01339286,0.04117063,0.0515873,0.03521825,0.03819444,0.06696429,0.04662698,0.07837302,0.05853175
0,1210,0.07024793,0.06198347,0.05950413,0.05785124,0.09173554,0.05702479,0.02066116,0.04958678,0.02975207,0.02975207,0.0107438,0.02561983,0.05454545,0.04958678,0.04049587,0.05454545,0.06363636,0.05041322,0.06942149,0.05289256
0,2871,0.1069314,0.06095437,0.03343783,0.03761755,0.04911181,0.05189829,0.01811216,0.1260885,0.0292581,0.03239289,0.004528039,0.01671891,0.03866249,0.0456287,0.03483107,0.06548241,0.07001045,0.06025775,0.06025775,0.05781958
0,770,0.04935065,0.04545455,0.08181818,0.08441558,0.07272727,0.03116883,0.03116883,0.02337662,0.02727273,0.02597403,0.01168831,0.03246753,0.05324675,0.04805195,0.04675325,0.04025974,0.1194805,0.06493506,0.04545455,0.06493506
0,781,0.07170294,0.04481434,0.1011524,0.06914213,0.1203585,0.04225352,0.03841229,0.01408451,0.01664533,0.02176697,0.008962868,0.03457106,0.03329065,0.04993598,0.06274008,0.0396927,0.06145967,0.05377721,0.05377721,0.06145967
0,2351,0.05487027,0.05444492,0.0467886,0.05316886,0.0944279,0.0467886,0.02594641,0.01105912,0.04636325,0.03360272,0.01573798,0.03190132,0.06720544,0.0442365,0.0467886,0.05316886,0.06295194,0.05146746,0.09315185,0.06592939
0,2527,0.04709141,0.03719826,0.05025722,0.06331619,0.1408785,0.06331619,0.02770083,0.02532647,0.03798971,0.02136921,0.01028888,0.03126237,0.0696478,0.04155125,0.04155125,0.05065295,0.07281361,0.04867432,0.08112386,0.03798971
0,920,0.1043478,0.08043478,0.08804348,0.04347826,0.09456522,0.025,0.02391304,0.02934783,0.03043478,0.03586957,0.008695652,0.02065217,0.04347826,0.04456522,0.07717391,0.02173913,0.05978261,0.04021739,0.08804348,0.04021739
0,34350,0.06014556,0.07327511,0.06066958,0.09269287,0.06163028,0.06002911,0.01158661,0.0149345,0.02643377,0.02908297,0.01356623,0.01391557,0.08567686,0.04774381,0.02742358,0.03234352,0.09295488,0.05007278,0.07170306,0.07411936
0,1002,0.0489022,0.04291417,0.09381238,0.04191617,0.1187625,0.01896208,0.0259481,0.01097804,0.008982036,0.01397206,0.003992016,0.01796407,0.05688623,0.06686627,0.1117764,0.03592814,0.1407186,0.03393214,0.06387226,0.04291417
0,2009,0.05176705,0.03733201,0.05574913,0.06869089,0.09905426,0.07317073,0.03484321,0.01791936,0.07068193,0.03036336,0.01343952,0.01144848,0.05873569,0.04629169,0.03086112,0.05276257,0.06769537,0.05126929,0.07366849,0.05425585
0,1863,0.04669887,0.05152979,0.04508857,0.05421363,0.08373591,0.04133119,0.01610306,0.02361782,0.02630166,0.01663983,0.005367687,0.02630166,0.07353731,0.04079442,0.05206656,0.06494901,0.1062802,0.04562534,0.1202362,0.05958132
0,431,0.03016241,0.02552204,0.06264501,0.03944316,0.1392111,0.03016241,0.01160093,0.07888631,0.01392111,0.02088167,0.006960557,0.009280742,0.03016241,0.04640371,0.06960557,0.04640371,0.1206497,0.0487239,0.09976798,0.06960557
0,480,0.0625,0.04583333,0.05208333,0.05833333,0.08541667,0.04166667,0.03333333,0.01458333,0.05625,0.0375,0.01458333,0.02708333,0.075,0.0625,0.03541667,0.02708333,0.1020833,0.05833333,0.04791667,0.0625
0,747,0.06961178,0.08567604,0.08835341,0.04953146,0.07630522,0.05756359,0.01338688,0.02543507,0.02945114,0.02141901,0.005354752,0.01606426,0.04551539,0.05488621,0.03748327,0.03480589,0.1017403,0.07764391,0.07630522,0.0334672
0,403,0.03722084,0.05707196,0.04218362,0.05955335,0.06699752,0.04962779,0.02233251,0.0248139,0.06203474,0.05707196,0.004962779,0.03225806,0.08436725,0.04962779,0.03225806,0.05707196,0.0719603,0.08188586,0.05459057,0.05210918
0,676,0.08284024,0.07100592,0.07840237,0.08136095,0.09615385,0.05473373,0.0147929,0.01331361,0.04585799,0.02810651,0.01775148,0.02366864,0.05325444,0.0739645,0.03846154,0.0147929,0.04142012,0.03698225,0.07988166,0.05325444
0,465,0.08172043,0.06236559,0.05806452,0.07741935,0.06451613,0.03225806,0.01505376,0.07526882,0.03655914,0.02150538,0.0172043,0.03225806,0.03870968,0.06666667,0.05806452,0.03655914,0.06021505,0.04946237,0.06451613,0.0516129
0,3011,0.08402524,0.06874792,0.09266025,0.08003985,0.1022916,0.04284291,0.01793424,0.03387579,0.02889406,0.03254733,0.02324809,0.02225174,0.03254733,0.06011292,0.02822982,0.02922617,0.03819329,0.03952175,0.07074062,0.07206908
0,390,0.05128205,0.07435897,0.06153846,0.05897436,0.1358974,0.03589744,0.01794872,0.03076923,0.02564103,0.04102564,0.01794872,0.02564103,0.04615385,0.07692308,0.03589744,0.03846154,0.06666667,0.03589744,0.07948718,0.04358974
0,467,0.04925054,0.04068522,0.07708779,0.08779443,0.1199143,0.06638116,0.02783726,0.01070664,0.04925054,0.04068522,0.01713062,0.02141328,0.03426124,0.04282655,0.04068522,0.03640257,0.06852248,0.04068522,0.07280514,0.05567452
0,1159,0.08024159,0.08283003,0.08024159,0.05780846,0.1087144,0.04831752,0.02070751,0.02070751,0.03968939,0.02415876,0.01035375,0.02415876,0.03019845,0.07333909,0.02933563,0.03019845,0.05176877,0.0474547,0.08886972,0.05090595
0,317,0.05678233,0.02523659,0.1230284,0.07570978,0.1293375,0.006309148,0.02523659,0.006309148,0.0126183,0.0126183,0.02523659,0.006309148,0.04100946,0.1072555,0.1009464,0.003154574,0.126183,0.03470032,0.04416404,0.03785489
0,1480,0.05675676,0.03040541,0.05608108,0.06081081,0.1236486,0.08040541,0.025,0.01216216,0.05743243,0.02702703,0.01554054,0.01689189,0.06216216,0.0527027,0.04527027,0.03648649,0.06283784,0.03918919,0.08310811,0.05608108
0,821,0.05968331,0.06577345,0.06211937,0.0816078,0.0816078,0.04628502,0.03410475,0.02192448,0.02557856,0.04263094,0.01583435,0.02070646,0.06090134,0.04750305,0.02557856,0.04384896,0.07064555,0.05846529,0.06942753,0.06577345
0,270,0.05925926,0.08518519,0.05185185,0.06296296,0.09259259,0.04074074,0.01851852,0.01111111,0.03703704,0.02962963,0.01481481,0.04444444,0.07037037,0.04074074,0.03333333,0.04074074,0.07037037,0.06666667,0.07777778,0.05185185
0,331,0.03021148,0.04229607,0.05135952,0.1087613,0.1057402,0.0694864,0.01510574,0.009063444,0.04531722,0.03927492,0.006042296,0.03323263,0.0694864,0.03927492,0.02719033,0.04229607,0.07250755,0.04531722,0.08459215,0.06344411
0,288,0.06597222,0.05555556,0.06944444,0.04861111,0.09375,0.0625,0.02083333,0.04166667,0.04861111,0.04861111,0.01388889,0.02083333,0.04166667,0.05208333,0.02430556,0.04166667,0.05902778,0.04861111,0.09375,0.04861111
0,666,0.05705706,0.1306306,0.08408408,0.04804805,0.08858859,0.03003003,0.01801802,0.01201201,0.02852853,0.03153153,0.007507508,0.01951952,0.07657658,0.03453453,0.04654655,0.04204204,0.07057057,0.06606607,0.06306306,0.04504505
0,190,0.03684211,0.04736842,0.04210526,0.05789474,0.07368421,0.02631579,0.02105263,0.04210526,0.07368421,0.05789474,0.04210526,0.01578947,0.05263158,0.06842105,0.04210526,0.06842105,0.07368421,0.04210526,0.05789474,0.05789474
0,384,0.03645833,0.05208333,0.0390625,0.0390625,0.08333333,0.0390625,0.02864583,0.0390625,0.0703125,0.05208333,0.03645833,0.04166667,0.05208333,0.078125,0.04427083,0.04166667,0.0625,0.05729167,0.05208333,0.0546875
0,1617,0.05318491,0.03710575,0.04700062,0.05442177,0.1335807,0.07915894,0.03215832,0.01669759,0.06369821,0.03030303,0.01236858,0.02102659,0.06369821,0.03648732,0.04143476,0.04390847,0.06246135,0.03896104,0.07482993,0.05751391
0,1581,0.05313093,0.03858318,0.08159393,0.07210626,0.1340923,0.07084124,0.0227704,0.01771031,0.0512334,0.02466793,0.01454775,0.02403542,0.04174573,0.05376344,0.04490829,0.03162555,0.0512334,0.04174573,0.07147375,0.05819102
0,623,0.05778491,0.04333868,0.06581059,0.04975923,0.117175,0.05136437,0.03852327,0.01605136,0.02728732,0.02568218,0.01123596,0.04012841,0.08667737,0.05457464,0.04012841,0.03691814,0.08988764,0.05457464,0.04173355,0.05136437
0,398,0.07286432,0.06532663,0.08291457,0.06030151,0.1005025,0.05527638,0.01005025,0.0201005,0.05025126,0.04271357,0.02261307,0.04020101,0.05276382,0.07035176,0.02512563,0.02763819,0.05025126,0.05527638,0.06030151,0.03517588
0,558,0.06272401,0.0609319,0.08243728,0.06451613,0.1164875,0.03584229,0.02150538,0.01971326,0.03763441,0.04121864,0.02508961,0.02867384,0.02867384,0.07706093,0.04480287,0.03405018,0.05734767,0.04121864,0.0734767,0.04659498
0,611,0.07855974,0.06382979,0.06055646,0.04255319,0.07364975,0.03764321,0.01472995,0.04909984,0.03109656,0.04418985,0.008183306,0.0294599,0.06055646,0.07037643,0.03927987,0.02291326,0.04909984,0.07037643,0.1129296,0.04091653
0,683,0.06442167,0.06295754,0.04538799,0.03660322,0.06149341,0.04831625,0.01903367,0.04392387,0.03074671,0.06295754,0.008784773,0.03953148,0.05710102,0.0761347,0.04099561,0.02635432,0.05856515,0.04685212,0.1185944,0.05124451
0,534,0.08801498,0.0411985,0.04681648,0.05617978,0.06179775,0.04307116,0.03370787,0.01498127,0.03183521,0.02247191,0.02247191,0.02434457,0.05992509,0.05430712,0.05992509,0.04494382,0.09363296,0.05992509,0.0917603,0.04868914
0,282,0.07801418,0.04255319,0.08156028,0.05673759,0.09219858,0.04609929,0.007092199,0.02836879,0.03191489,0.0248227,0.0141844,0.03191489,0.07092199,0.03191489,0.04964539,0.03900709,0.09574468,0.06382979,0.06737589,0.04609929
0,1059,0.06610009,0.06893296,0.08404155,0.06326723,0.1104816,0.04627007,0.02832861,0.01888574,0.04060434,0.0292729,0.01699717,0.02738432,0.04438149,0.06893296,0.04060434,0.02549575,0.06798867,0.03966006,0.06137866,0.0509915
0,432,0.08796296,0.03240741,0.08796296,0.05092593,0.09722222,0.07175926,0.02546296,0.01388889,0.04166667,0.03935185,0.006944444,0.02083333,0.06712963,0.03472222,0.0462963,0.03703704,0.07175926,0.03472222,0.06944444,0.0625
0,275,0.04727273,0.04727273,0.08363636,0.08,0.1272727,0.06909091,0.02909091,0.05454545,0.07636364,0.03636364,0.04363636,0.01454545,0.03636364,0.03272727,0.01818182,0.04,0.03272727,0.02909091,0.06181818,0.04
0,529,0.05293006,0.07372401,0.05293006,0.07750473,0.120983,0.06427221,0.02457467,0.02646503,0.04536862,0.03024575,0.03213611,0.03402647,0.03969754,0.03780718,0.01890359,0.02835539,0.05671078,0.04725898,0.07372401,0.06238185
0,482,0.04979253,0.06431535,0.03319502,0.09958506,0.09958506,0.08713693,0.03319502,0.01659751,0.04979253,0.03112033,0.02074689,0.02904564,0.05394191,0.02697095,0.03112033,0.0373444,0.04979253,0.05186722,0.0746888,0.06016598
0,517,0.04448743,0.06769826,0.05415861,0.08897485,0.1199226,0.05996132,0.01934236,0.01353965,0.05029014,0.03288201,0.0212766,0.01934236,0.04255319,0.05609284,0.02901354,0.05222437,0.07156673,0.03675048,0.0754352,0.04448743
0,426,0.09624413,0.06103286,0.0657277,0.0657277,0.07981221,0.05399061,0.03755869,0.01877934,0.03755869,0.03051643,0.01408451,0.02347418,0.05868545,0.03755869,0.0399061,0.03755869,0.07276995,0.04929577,0.0657277,0.05399061
0,319,0.06896552,0.0815047,0.07210031,0.08777429,0.09090909,0.03134796,0.03134796,0.02507837,0.03761755,0.02821317,0.02194357,0.04388715,0.03761755,0.06269592,0.07210031,0.01253918,0.05015674,0.05015674,0.06896552,0.02507837
0,660,0.06515152,0.04545455,0.06818182,0.06363636,0.1060606,0.05757576,0.02878788,0.01363636,0.03787879,0.03939394,0.01212121,0.03030303,0.06363636,0.0469697,0.04848485,0.04393939,0.06363636,0.04090909,0.06212121,0.06212121
0,700,0.07142857,0.04857143,0.09428571,0.06714286,0.1314286,0.03285714,0.01714286,0.01857143,0.05142857,0.03285714,0.01285714,0.02714286,0.04714286,0.05857143,0.03857143,0.02571429,0.05857143,0.05,0.08285714,0.03285714
0,156,0.03846154,0.07051282,0.08974359,0.08333333,0.1346154,0.05128205,0.04487179,0.01923077,0.02564103,0.03846154,0,0.006410256,0.04487179,0.05769231,0.05128205,0.006410256,0.05769231,0.08333333,0.05769231,0.03846154
0,577,0.0779896,0.05025997,0.06759099,0.06932409,0.1005199,0.05892548,0.03466205,0.01906412,0.02772964,0.02599653,0.02946274,0.01906412,0.06585789,0.04332756,0.04506066,0.03119584,0.05372617,0.04852686,0.0779896,0.05372617
0,683,0.07320644,0.05856515,0.06442167,0.07320644,0.102489,0.0658858,0.01756955,0.02342606,0.05270864,0.03367496,0.0102489,0.01756955,0.07027818,0.03660322,0.04099561,0.03806735,0.0556369,0.0556369,0.05856515,0.05124451
0,366,0.06830601,0.06830601,0.05464481,0.07923497,0.1065574,0.03551913,0.03278689,0.01912568,0.04371585,0.03278689,0.01639344,0.02459016,0.0273224,0.06830601,0.04918033,0.03278689,0.07923497,0.03551913,0.07923497,0.04644809
0,748,0.0815508,0.05347594,0.04946524,0.04545455,0.06149733,0.05347594,0.02139037,0.04812834,0.04411765,0.03743316,0.00802139,0.03877005,0.06550802,0.05748663,0.04545455,0.04679144,0.05882353,0.05748663,0.07486631,0.05080214
0,450,0.07111111,0.06888889,0.1044444,0.06,0.1044444,0.06444444,0.004444444,0.03111111,0.05111111,0.02888889,0.02666667,0.01333333,0.03111111,0.07111111,0.04666667,0.02444444,0.06222222,0.02222222,0.07111111,0.04222222
0,351,0.06552707,0.1054131,0.1452991,0.07977208,0.1111111,0.005698006,0.01994302,0.02849003,0.03133903,0.01709402,0.01139601,0.03133903,0.01994302,0.09401709,0.03988604,0.005698006,0.05413105,0.05413105,0.04843305,0.03133903
0,1119,0.08042895,0.04468275,0.08400357,0.08221626,0.1349419,0.04557641,0.02412869,0.03038427,0.04468275,0.03038427,0.00714924,0.02323503,0.03932082,0.06613047,0.03395889,0.03127793,0.0536193,0.0357462,0.05630027,0.05183199
0,1144,0.05681818,0.03758741,0.0708042,0.08566434,0.111014,0.04807692,0.03846154,0.01835664,0.04895105,0.03496503,0.01136364,0.0201049,0.04895105,0.05332168,0.03758741,0.04370629,0.06555944,0.04632867,0.07167832,0.0506993
0,470,0.05531915,0.05319149,0.04468085,0.06170213,0.1021277,0.05744681,0.0212766,0.03617021,0.02765957,0.03191489,0.008510638,0.04042553,0.07659574,0.03191489,0.04042553,0.06170213,0.06808511,0.04255319,0.07446809,0.06382979
0,302,0.1059603,0.06291391,0.1059603,0.06953642,0.1324503,0.01324503,0.006622517,0.01986755,0.04635762,0.003311258,0.009933775,0.02317881,0.02317881,0.08940397,0.06622517,0.01324503,0.05298013,0.03642384,0.0794702,0.0397351
0,614,0.03420195,0.0228013,0.03257329,0.04397394,0.1042345,0.04071661,0.0276873,0.0228013,0.02442997,0.02442997,0.01302932,0.02117264,0.08957655,0.05537459,0.07491857,0.05374593,0.1042345,0.05374593,0.1042345,0.05211726
0,286,0.08391608,0.05944056,0.04195804,0.08041958,0.1153846,0.03146853,0.02797203,0.01048951,0.03846154,0.03146853,0.02097902,0.02097902,0.03846154,0.07342657,0.06293706,0.01748252,0.08041958,0.05244755,0.06293706,0.04895105
0,418,0.05741627,0.04545455,0.06220096,0.0645933,0.1220096,0.04784689,0.02392344,0.007177033,0.0645933,0.01435407,0.007177033,0.03110048,0.08133971,0.01674641,0.0430622,0.04545455,0.07655502,0.05741627,0.05980861,0.07177033
0,594,0.09427609,0.06228956,0.1010101,0.06902357,0.07744108,0.05050505,0.02693603,0.008417508,0.03198653,0.05218855,0.006734007,0.01346801,0.06228956,0.05387205,0.03872054,0.04040404,0.06397306,0.04377104,0.04040404,0.06228956
0,672,0.07886905,0.04613095,0.06696429,0.08333333,0.08928571,0.05654762,0.03125,0.01488095,0.04166667,0.03422619,0.02232143,0.02529762,0.0610119,0.04166667,0.0297619,0.03869048,0.07738095,0.04315476,0.07738095,0.04017857
0,386,0.03626943,0.0492228,0.04663212,0.05699482,0.08290155,0.03108808,0.02590674,0.04404145,0.07512953,0.05440415,0.04145078,0.03108808,0.0492228,0.08290155,0.02590674,0.06217617,0.06476684,0.04404145,0.0492228,0.04663212
0,2435,0.0698152,0.05790554,0.0788501,0.07022587,0.1211499,0.04147844,0.02464066,0.01683778,0.04599589,0.03162218,0.01437372,0.02176591,0.04024641,0.05338809,0.04229979,0.03531828,0.05708419,0.04353183,0.08090349,0.05256674
0,1624,0.06034483,0.03817734,0.05418719,0.06034483,0.1262315,0.07327586,0.02894089,0.01724138,0.06650246,0.03017241,0.01416256,0.02155172,0.05972906,0.04064039,0.04125616,0.03571429,0.06219212,0.04371921,0.07512315,0.05049261
0,735,0.09387755,0.0462585,0.09115646,0.08843537,0.1360544,0.02857143,0.0244898,0.02040816,0.04217687,0.01632653,0.0122449,0.0244898,0.02857143,0.07346939,0.0462585,0.02040816,0.05578231,0.02585034,0.06938776,0.05578231
0,766,0.07441253,0.03394256,0.08746736,0.09530026,0.118799,0.05613577,0.02480418,0.01044386,0.05091384,0.03524804,0.01305483,0.02219321,0.03394256,0.05091384,0.04438642,0.03133159,0.04830287,0.03394256,0.07832898,0.05613577
0,1321,0.07645723,0.02876609,0.08554126,0.06888721,0.08478425,0.07948524,0.02725208,0.01514005,0.05828917,0.02876609,0.00984103,0.01211204,0.04996215,0.05223316,0.04920515,0.03557911,0.05828917,0.04996215,0.07342922,0.05601817
0,1382,0.0658466,0.03690304,0.06439942,0.07308249,0.1251809,0.07452967,0.02966715,0.02098408,0.05065123,0.0260492,0.01230101,0.02243126,0.04703329,0.04992764,0.04196816,0.03328509,0.05643994,0.03400868,0.08104197,0.05426918
0,740,0.06216216,0.03648649,0.08513514,0.06351351,0.1040541,0.07297297,0.03243243,0.01351351,0.03108108,0.04324324,0.01486486,0.02837838,0.07702703,0.0472973,0.03513514,0.02567568,0.06081081,0.04324324,0.06486486,0.05810811
0,845,0.06745562,0.05088757,0.07337278,0.04852071,0.09349112,0.03550296,0.01775148,0.009467456,0.02721893,0.02130178,0.00591716,0.01656805,0.1195266,0.05325444,0.06745562,0.03313609,0.1242604,0.05443787,0.04142012,0.03905325
0,646,0.06656347,0.05263158,0.07430341,0.07430341,0.1346749,0.04798762,0.04024768,0.02941176,0.05882353,0.03560372,0.00619195,0.02012384,0.04798762,0.04798762,0.02786378,0.02321981,0.05727554,0.02786378,0.06811146,0.05882353
0,651,0.07066052,0.04147465,0.05683564,0.08294931,0.1290323,0.06144393,0.03072197,0.01996928,0.05683564,0.02918587,0.007680492,0.01996928,0.03686636,0.05837174,0.04454685,0.03686636,0.04147465,0.03225806,0.08448541,0.05837174
0,673,0.06835067,0.04903418,0.06835067,0.05349183,0.1337296,0.05943536,0.03120357,0.02080238,0.05349183,0.03863299,0.01634473,0.01634473,0.03417533,0.05943536,0.04903418,0.03120357,0.03863299,0.04606241,0.08023774,0.05200594
0,210,0.1,0.08571429,0.1142857,0.06190476,0.1285714,0.04285714,0.01904762,0.00952381,0.04285714,0.02380952,0.00952381,0.03333333,0.02857143,0.03333333,0.06190476,0.01904762,0.04761905,0.03333333,0.06666667,0.03809524
0,366,0.07923497,0.1420765,0.09289617,0.06284153,0.1092896,0.02185792,0.01639344,0.01639344,0.02459016,0.02459016,0.005464481,0.0136612,0.0273224,0.05464481,0.04098361,0.02185792,0.07103825,0.04371585,0.07103825,0.06010929
0,478,0.05230126,0.04811715,0.08786611,0.08786611,0.123431,0.0251046,0.01464435,0.04393305,0.041841,0.03974895,0.01046025,0.0251046,0.0376569,0.07740586,0.02719665,0.0125523,0.07112971,0.08368201,0.05439331,0.03556485
0,2346,0.06095482,0.04816709,0.06223359,0.0801364,0.09292413,0.06180733,0.03196931,0.01278772,0.04092072,0.0341006,0.01150895,0.02685422,0.04603581,0.06180733,0.04390452,0.04475703,0.06990622,0.05456095,0.06820119,0.04646206
0,2458,0.06468674,0.05329536,0.06916192,0.07119609,0.09641985,0.06265256,0.02888527,0.01423922,0.04149715,0.03132628,0.01179821,0.02725793,0.04922701,0.05899105,0.04312449,0.03702197,0.07200976,0.05085435,0.06712775,0.04922701
0,740,0.07972973,0.05135135,0.1,0.05675676,0.1202703,0.03108108,0.01756757,0.02162162,0.02972973,0.01216216,0.01081081,0.03108108,0.04594595,0.08243243,0.04864865,0.02432432,0.07972973,0.0472973,0.07027027,0.03918919
0,834,0.05515588,0.0383693,0.1019185,0.07434053,0.1055156,0.0263789,0.01558753,0.02757794,0.03597122,0.01558753,0.01079137,0.02038369,0.05155875,0.07553957,0.05635492,0.01678657,0.08033573,0.06594724,0.09232614,0.03357314
0,501,0.06187625,0.08383234,0.04391218,0.07984032,0.1257485,0.06786427,0.01996008,0.007984032,0.05189621,0.02994012,0.01996008,0.0259481,0.02794411,0.06187625,0.03592814,0.02195609,0.05588822,0.05988024,0.07784431,0.03992016
0,247,0.06882591,0.05263158,0.06072874,0.04453441,0.1174089,0.04453441,0.02834008,0.0242915,0.06882591,0.0242915,0.008097166,0.02024291,0.06072874,0.05263158,0.05263158,0.02024291,0.05668016,0.05263158,0.1052632,0.03643725
0,1098,0.06193078,0.04189435,0.04098361,0.08014572,0.1156648,0.0582878,0.0136612,0.03187614,0.04553734,0.03187614,0.0136612,0.03005464,0.06739526,0.03005464,0.03734062,0.0428051,0.05919854,0.04098361,0.09653916,0.06010929
0,698,0.0773639,0.05730659,0.07163324,0.07593123,0.1002865,0.0530086,0.03008596,0.02578797,0.05014327,0.0286533,0.01289398,0.01432665,0.06303725,0.0530086,0.03581662,0.03438395,0.06590258,0.05157593,0.04584527,0.0530086
0,586,0.06484642,0.05631399,0.05802048,0.06825939,0.07508532,0.05631399,0.02047782,0.01706485,0.04778157,0.02901024,0.02559727,0.02559727,0.08020478,0.04778157,0.03071672,0.04948805,0.05460751,0.04778157,0.07849829,0.0665529
0,377,0.07427056,0.05039788,0.07692308,0.0530504,0.07161804,0.0795756,0.04244032,0.01856764,0.03183024,0.04244032,0.01061008,0.02387268,0.05039788,0.04774536,0.02917772,0.03183024,0.07692308,0.05570292,0.06896552,0.06366048
0,790,0.07721519,0.0443038,0.04050633,0.05696203,0.09240506,0.05316456,0.02278481,0.0556962,0.03924051,0.03544304,0.01139241,0.0278481,0.0721519,0.04810127,0.04177215,0.04683544,0.0721519,0.04303797,0.08101266,0.03797468
0,1093,0.1107045,0.09972553,0.0978957,0.03842635,0.09972553,0.01555352,0.01829826,0.02378774,0.02378774,0.01189387,0.002744739,0.02653248,0.04849039,0.03659652,0.0558097,0.02195791,0.04757548,0.021043,0.1463861,0.05306496
0,373,0.0616622,0.04825737,0.0616622,0.06970509,0.1126005,0.0616622,0.01072386,0.01340483,0.04289544,0.04557641,0.02144772,0.02144772,0.06970509,0.04557641,0.03217158,0.05093834,0.06702413,0.03217158,0.07774799,0.0536193
0,393,0.08905852,0.05089059,0.09160305,0.05343511,0.09669211,0.02290076,0.01526718,0.01017812,0.007633588,0.01526718,0.002544529,0.02798982,0.03562341,0.1043257,0.07124682,0.02035623,0.1323155,0.03816794,0.07633588,0.03816794
0,298,0.08389262,0.08724832,0.1040268,0.06040268,0.09060403,0.02013423,0.02684564,0.02348993,0.03020134,0.02684564,0.01006711,0.01677852,0.04026846,0.1006711,0.06040268,0.01342282,0.06040268,0.03691275,0.06711409,0.04026846
0,985,0.06497462,0.09340102,0.06395939,0.05888325,0.1025381,0.02335025,0.02030457,0.006091371,0.0284264,0.01218274,0.005076142,0.02741117,0.05482234,0.07309645,0.05583756,0.02436548,0.06903553,0.05482234,0.1187817,0.04263959
0,454,0.06167401,0.06828194,0.08370044,0.05947137,0.1101322,0.05286344,0.030837,0.02643172,0.04185022,0.01762115,0.02643172,0.04185022,0.02643172,0.05066079,0.04625551,0.03744493,0.03524229,0.02202643,0.08810573,0.07268722
0,423,0.03782506,0.03782506,0.08037825,0.05673759,0.1394799,0.04728132,0.03309693,0.007092199,0.05910165,0.0212766,0.007092199,0.0212766,0.06146572,0.03782506,0.04018913,0.04491726,0.06855792,0.05910165,0.07092199,0.06855792
0,549,0.07650273,0.05282332,0.06739526,0.07832423,0.143898,0.04918033,0.01821494,0.01639344,0.06193078,0.04007286,0.02367942,0.01092896,0.05100182,0.0291439,0.03278689,0.03278689,0.03460838,0.04553734,0.07103825,0.06375228
0,666,0.07957958,0.03903904,0.06006006,0.05855856,0.1021021,0.07657658,0.03303303,0.01651652,0.03753754,0.03003003,0.01651652,0.02552553,0.08708709,0.02402402,0.04504505,0.04954955,0.06306306,0.03603604,0.05855856,0.06156156
0,544,0.08088235,0.1231618,0.09558824,0.04963235,0.1176471,0.01286765,0.01654412,0.03125,0.01654412,0.009191176,0.01286765,0.02573529,0.01838235,0.06985294,0.04963235,0.01102941,0.06066176,0.03676471,0.1084559,0.05330882
0,494,0.048583,0.05060729,0.03441296,0.09109312,0.1072874,0.06680162,0.0242915,0.02834008,0.06275304,0.03238866,0.02834008,0.03238866,0.05668016,0.03643725,0.02226721,0.04251012,0.05870445,0.048583,0.05668016,0.0708502
0,498,0.03413655,0.07028112,0.062249,0.08634538,0.1084337,0.05421687,0.03012048,0.02208835,0.05421687,0.03614458,0.02208835,0.01405622,0.04417671,0.05220884,0.02811245,0.04216867,0.03413655,0.0502008,0.08433735,0.07028112
0,1038,0.07418112,0.1300578,0.07225434,0.05587669,0.1030829,0.02408478,0.022158,0.01734104,0.02986513,0.01830443,0.01734104,0.02601156,0.03949904,0.07032755,0.0539499,0.02119461,0.05876686,0.0539499,0.0655106,0.04624277
0,377,0.07427056,0.05039788,0.07692308,0.05570292,0.07161804,0.0795756,0.04244032,0.01591512,0.03183024,0.04244032,0.01061008,0.02387268,0.05039788,0.04774536,0.02917772,0.03183024,0.07427056,0.05835544,0.06366048,0.06896552
0,901,0.0554939,0.03218646,0.09100999,0.04772475,0.1065483,0.05216426,0.03107658,0.01442841,0.03329634,0.02330744,0.01886792,0.02219756,0.05216426,0.07325194,0.05993341,0.04328524,0.09766926,0.05882353,0.04217536,0.04439512
0,377,0.07427056,0.05039788,0.07692308,0.05570292,0.06896552,0.0795756,0.04509284,0.01591512,0.03183024,0.04244032,0.01061008,0.02387268,0.05039788,0.04774536,0.02917772,0.03183024,0.07427056,0.05835544,0.06100796,0.07161804
0,376,0.07446809,0.05053191,0.07180851,0.07712766,0.09042553,0.05851064,0.02659574,0.005319149,0.05053191,0.03457447,0.0106383,0.02659574,0.06117021,0.06117021,0.02659574,0.02393617,0.07712766,0.06117021,0.06382979,0.04787234
0,408,0.05882353,0.07107843,0.08823529,0.09068627,0.07843137,0.02696078,0.0245098,0.009803922,0.05637255,0.0245098,0.02205882,0.03676471,0.03676471,0.06127451,0.03676471,0.02696078,0.07598039,0.04901961,0.06127451,0.06372549
0,313,0.05750799,0.06070288,0.05750799,0.04792332,0.08945687,0.08626198,0.02236422,0.02875399,0.04472843,0.04153355,0.006389776,0.04472843,0.07348243,0.03833866,0.02875399,0.04792332,0.07348243,0.06070288,0.03194888,0.05750799
0,99,0.1010101,0.02020202,0.03030303,0.09090909,0.07070707,0.06060606,0.02020202,0,0.05050505,0.02020202,0.02020202,0.03030303,0.1010101,0.04040404,0.08080808,0.05050505,0.06060606,0.05050505,0.05050505,0.05050505
0,909,0.08360836,0.07590759,0.07260726,0.06160616,0.09130913,0.03630363,0.01980198,0.0550055,0.02860286,0.0220022,0.00880088,0.03410341,0.05280528,0.06380638,0.0440044,0.04730473,0.04510451,0.04510451,0.06270627,0.04950495
0,466,0.06652361,0.05364807,0.06008584,0.09227468,0.1030043,0.07296137,0.01716738,0.04291845,0.05364807,0.03004292,0.01502146,0.02360515,0.05364807,0.04935622,0.03004292,0.027897,0.03433476,0.02575107,0.09871245,0.04935622
0,572,0.1101399,0.06293706,0.1223776,0.1031469,0.09440559,0.02622378,0.01398601,0.02972028,0.0472028,0.02097902,0.01573427,0.01573427,0.02797203,0.07867133,0.01748252,0.01573427,0.04545455,0.02797203,0.08566434,0.03846154
0,511,0.04892368,0.04500978,0.06457926,0.0665362,0.09784736,0.0665362,0.04892368,0.009784736,0.05870841,0.03131115,0.01565558,0.04305284,0.06262231,0.05675147,0.02348337,0.02935421,0.06457926,0.05283757,0.05675147,0.05675147
0,374,0.06417112,0.06149733,0.08823529,0.05080214,0.06684492,0.03475936,0.01871658,0.01604278,0.06417112,0.04278075,0.02139037,0.03475936,0.06951872,0.0828877,0.04278075,0.02941176,0.07486631,0.05347594,0.04545455,0.03743316
0,1077,0.06778087,0.04735376,0.08263695,0.05942433,0.1578459,0.0371402,0.02599814,0.02414113,0.05013928,0.03249768,0.01485608,0.02599814,0.03899721,0.05292479,0.03249768,0.02785515,0.05663881,0.03528319,0.07985144,0.05013928
0,246,0.04065041,0.0203252,0.08536585,0.04471545,0.09756098,0.04065041,0.03252033,0.008130081,0.02439024,0.04471545,0.008130081,0.008130081,0.08130081,0.04065041,0.06097561,0.05691057,0.1219512,0.05691057,0.07723577,0.04878049
0,365,0.07671233,0.04383562,0.1013699,0.06027397,0.06849315,0.03013699,0.02465753,0.01369863,0.02191781,0.04109589,0.03287671,0.02739726,0.02739726,0.08219178,0.0630137,0.01643836,0.06027397,0.0630137,0.07123288,0.0739726
0,365,0.0739726,0.04383562,0.1013699,0.0630137,0.07671233,0.03013699,0.02465753,0.01369863,0.02465753,0.03835616,0.03013699,0.02465753,0.02739726,0.08219178,0.06575342,0.0109589,0.06027397,0.0630137,0.07123288,0.0739726
0,365,0.07671233,0.04383562,0.1013699,0.0630137,0.07671233,0.03013699,0.02465753,0.01369863,0.02465753,0.03561644,0.03013699,0.02739726,0.02739726,0.08219178,0.0630137,0.01369863,0.05753425,0.0630137,0.07123288,0.0739726
0,362,0.07458564,0.04972376,0.1022099,0.06629834,0.08287293,0.02762431,0.01657459,0.01657459,0.01657459,0.04143646,0.03314917,0.02486188,0.02486188,0.07734807,0.05524862,0.01657459,0.06906077,0.05248619,0.06353591,0.08839779
0,362,0.07458564,0.04972376,0.1022099,0.0718232,0.08287293,0.02762431,0.01104972,0.01933702,0.01657459,0.03867403,0.03038674,0.02762431,0.02762431,0.0801105,0.05248619,0.01104972,0.07458564,0.06077348,0.06353591,0.07734807
0,362,0.07458564,0.04972376,0.09668508,0.06353591,0.08287293,0.03038674,0.01381215,0.01381215,0.01657459,0.04143646,0.02762431,0.02486188,0.02762431,0.08287293,0.05248619,0.01657459,0.06906077,0.05524862,0.07458564,0.08563536
0,362,0.07458564,0.04972376,0.09668508,0.0718232,0.08287293,0.02762431,0.01104972,0.01657459,0.01933702,0.04143646,0.03038674,0.02486188,0.02762431,0.08287293,0.05248619,0.01104972,0.0718232,0.05801105,0.06353591,0.08563536
0,362,0.07458564,0.04972376,0.1022099,0.06906077,0.07458564,0.03038674,0.01381215,0.01381215,0.01933702,0.04143646,0.03314917,0.02762431,0.02486188,0.0801105,0.05524862,0.01933702,0.06906077,0.05248619,0.06353591,0.08563536
0,497,0.04024145,0.06841046,0.04828974,0.07243461,0.1307847,0.04225352,0.01609658,0.01609658,0.0583501,0.03018109,0.01006036,0.02615694,0.05633803,0.06036217,0.06237425,0.02816901,0.09255533,0.03420523,0.06841046,0.03822938
0,266,0.09022556,0.04511278,0.03383459,0.1015038,0.09774436,0.0112782,0.01879699,0.02255639,0.06390977,0.04135338,0.01503759,0.03007519,0.02255639,0.07894737,0.04135338,0.03007519,0.07142857,0.03383459,0.08270677,0.06766917
0,266,0.08646617,0.04511278,0.03759398,0.1052632,0.09774436,0.01503759,0.01879699,0.02255639,0.06015038,0.03383459,0.01503759,0.03383459,0.02255639,0.07518797,0.04135338,0.03383459,0.07142857,0.03383459,0.08270677,0.06766917
0,455,0.05934066,0.04615385,0.08791209,0.05054945,0.07692308,0.02857143,0.03076923,0.01098901,0.02197802,0.01318681,0.004395604,0.006593407,0.07252747,0.07032967,0.05494505,0.02637363,0.1296703,0.05934066,0.1120879,0.03736264
0,120,0.075,0.09166667,0.06666667,0.04166667,0.06666667,0.05833333,0.025,0.01666667,0.025,0.01666667,0,0.04166667,0.025,0.05833333,0.04166667,0.06666667,0.025,0.075,0.09166667,0.09166667
0,447,0.06040268,0.06487696,0.05145414,0.06040268,0.1454139,0.05592841,0.03579418,0.02013423,0.05816555,0.02908277,0.0246085,0.01342282,0.03579418,0.03579418,0.03579418,0.04250559,0.03803132,0.04697987,0.07158837,0.0738255
0,388,0.04639175,0.04639175,0.06958763,0.08247423,0.1082474,0.07989691,0.03092784,0.04639175,0.05670103,0.03865979,0.02061856,0.01804124,0.03092784,0.04639175,0.03865979,0.03865979,0.03092784,0.03865979,0.06701031,0.06443299
0,368,0.05978261,0.07608696,0.1168478,0.0625,0.08152174,0.04076087,0.01630435,0.008152174,0.05163043,0.0326087,0.005434783,0.02717391,0.05434783,0.06521739,0.04619565,0.0298913,0.08967391,0.04347826,0.05434783,0.03804348
0,561,0.05525847,0.04278075,0.04456328,0.0516934,0.1069519,0.04278075,0.0285205,0.01426025,0.06060606,0.05525847,0.008912656,0.03208556,0.06417112,0.05525847,0.0285205,0.03030303,0.06773619,0.07664884,0.07308378,0.06060606
0,574,0.08710801,0.04703833,0.06271777,0.08362369,0.1010453,0.06271777,0.02090592,0.0174216,0.04181185,0.03484321,0.01219512,0.0261324,0.06097561,0.04006969,0.02961672,0.05400697,0.05052265,0.05574913,0.06620209,0.04529617
0,212,0.08962264,0.09433962,0.05660377,0.05660377,0.08962264,0.02830189,0.02830189,0.009433962,0.03773585,0.02830189,0.01415094,0.03773585,0.05188679,0.05660377,0.04716981,0.04245283,0.07075472,0.07075472,0.05660377,0.03301887
0,197,0.1167513,0.05076142,0.02030457,0.07106599,0.08629442,0.03553299,0.04060914,0.01015228,0.06091371,0.02538071,0.03045685,0.01522843,0.05076142,0.05583756,0.07614213,0.01522843,0.07614213,0.06091371,0.05076142,0.05076142
0,802,0.1022444,0.07605985,0.1421446,0.0798005,0.1209476,0.01870324,0.01496259,0.02244389,0.02244389,0.01496259,0.02618454,0.01870324,0.01620948,0.0723192,0.04613466,0.01620948,0.05985037,0.03491272,0.05985037,0.03491272
0,340,0.05,0.06176471,0.04411765,0.05,0.1147059,0.05,0.02941176,0.02352941,0.06176471,0.04411765,0.02941176,0.03235294,0.03235294,0.06176471,0.02647059,0.05,0.07058824,0.03235294,0.09705882,0.03823529
0,425,0.06117647,0.07294118,0.06823529,0.05411765,0.1011765,0.07529412,0.03529412,0.007058824,0.04705882,0.02823529,0.01411765,0.01882353,0.05882353,0.03764706,0.04235294,0.04941176,0.05176471,0.04941176,0.08470588,0.04235294
0,627,0.04625199,0.09728868,0.06539075,0.07814992,0.1068581,0.05901116,0.02232855,0.02870813,0.03668262,0.02551834,0.02232855,0.02870813,0.0430622,0.05263158,0.02711324,0.02232855,0.04944179,0.04944179,0.07974482,0.05901116
0,468,0.05769231,0.04273504,0.04487179,0.08974359,0.1047009,0.07905983,0.01923077,0.01923077,0.05555556,0.02991453,0.02564103,0.01923077,0.0534188,0.0491453,0.02350427,0.03846154,0.04700855,0.05982906,0.07905983,0.06196581
0,479,0.03340292,0.03966597,0.07515658,0.07724426,0.0960334,0.07098121,0.02922756,0.02505219,0.04384134,0.04592902,0.02505219,0.01878914,0.05845511,0.04592902,0.02713987,0.05010438,0.04384134,0.07098121,0.07306889,0.05010438
0,517,0.05029014,0.06382979,0.08317215,0.08704062,0.1411992,0.05415861,0.01740812,0.02901354,0.04255319,0.02321083,0.02321083,0.01934236,0.02514507,0.05222437,0.05996132,0.04255319,0.05222437,0.03868472,0.05609284,0.03868472
0,1341,0.04772558,0.08128262,0.0611484,0.04548844,0.06860552,0.02311708,0.01043997,0.005219985,0.008948546,0.005965697,0.005965697,0.02162565,0.07158837,0.1118568,0.05369128,0.01416853,0.1483967,0.04847129,0.1133482,0.05294556
0,336,0.0952381,0.05654762,0.1071429,0.05952381,0.2083333,0.02678571,0.01190476,0.03571429,0.04464286,0.01488095,0.0327381,0.02678571,0.01785714,0.02083333,0.02678571,0.02380952,0.02083333,0.0297619,0.08928571,0.05059524
0,362,0.02209945,0.0359116,0.04972376,0.1077348,0.1104972,0.0801105,0.02486188,0.03867403,0.06629834,0.05524862,0.02209945,0.03038674,0.03867403,0.03038674,0.01657459,0.04143646,0.03314917,0.03314917,0.09944751,0.06353591
0,555,0.04864865,0.04504505,0.08108108,0.09009009,0.07387387,0.07027027,0.01801802,0.01981982,0.04504505,0.01801802,0.01801802,0.03603604,0.06126126,0.05045045,0.03063063,0.03063063,0.06846847,0.05585586,0.08108108,0.05765766
0,579,0.06908463,0.06908463,0.07426598,0.08117444,0.08635579,0.03972366,0.01899827,0.02072539,0.03799655,0.02590674,0.02936097,0.02072539,0.05181347,0.06735751,0.0328152,0.03108808,0.06390328,0.04317789,0.07944732,0.05699482
0,375,0.07466667,0.05066667,0.07733333,0.056,0.072,0.07733333,0.04533333,0.016,0.03466667,0.04,0.01066667,0.024,0.05066667,0.048,0.032,0.024,0.07733333,0.05333333,0.06666667,0.06933333
0,892,0.04596413,0.03363229,0.07959641,0.03923767,0.0941704,0.06838565,0.03026906,0.01121076,0.03251121,0.02914798,0.01793722,0.03026906,0.06053812,0.06053812,0.05829596,0.04820628,0.0941704,0.06950673,0.04035874,0.05605381
0,894,0.03914989,0.03131991,0.08389262,0.03691275,0.09395973,0.0738255,0.03243848,0.01118568,0.03131991,0.02908277,0.01789709,0.02572707,0.05928412,0.06711409,0.06152125,0.05145414,0.1029083,0.06040268,0.04250559,0.04809843
0,376,0.07446809,0.05053191,0.06382979,0.06648936,0.08244681,0.07446809,0.02393617,0.005319149,0.05319149,0.03989362,0.0106383,0.02393617,0.06117021,0.06648936,0.02659574,0.02393617,0.08244681,0.05585106,0.07446809,0.03989362
0,94,0.03191489,0.1489362,0.0106383,0.06382979,0.07446809,0.03191489,0.04255319,0.06382979,0.0106383,0.04255319,0,0.03191489,0.08510638,0.06382979,0.06382979,0.07446809,0.03191489,0.03191489,0.0212766,0.07446809
0,365,0.07671233,0.04383562,0.1013699,0.06027397,0.07123288,0.03013699,0.02465753,0.01369863,0.02191781,0.04109589,0.03287671,0.02739726,0.02739726,0.07945205,0.06575342,0.01369863,0.06027397,0.0630137,0.07123288,0.0739726
0,365,0.0739726,0.04109589,0.1041096,0.07123288,0.07123288,0.02465753,0.02191781,0.01369863,0.02191781,0.04383562,0.03287671,0.03013699,0.03287671,0.07671233,0.06027397,0.0109589,0.05753425,0.06027397,0.07123288,0.07945205
0,362,0.07458564,0.04972376,0.09944751,0.06906077,0.0801105,0.02762431,0.01381215,0.01657459,0.01933702,0.03867403,0.03038674,0.02486188,0.02486188,0.07734807,0.05524862,0.01933702,0.0718232,0.05524862,0.07458564,0.07734807
0,362,0.0801105,0.04972376,0.09392265,0.06906077,0.07734807,0.03038674,0.01104972,0.01381215,0.01657459,0.0359116,0.03038674,0.03038674,0.02486188,0.08287293,0.05524862,0.01657459,0.06629834,0.05248619,0.07734807,0.08563536
0,366,0.07923497,0.04644809,0.09836066,0.06557377,0.08196721,0.02459016,0.0136612,0.01912568,0.01639344,0.04098361,0.03005464,0.0273224,0.03005464,0.08469945,0.05464481,0.01639344,0.08469945,0.05191257,0.06830601,0.06557377
0,366,0.07923497,0.04918033,0.1038251,0.06284153,0.08196721,0.02459016,0.01639344,0.02185792,0.01639344,0.03825137,0.03278689,0.02459016,0.03005464,0.08196721,0.05737705,0.0136612,0.07650273,0.05737705,0.06557377,0.06557377
0,366,0.07923497,0.04644809,0.1092896,0.06557377,0.08469945,0.02459016,0.0136612,0.02459016,0.01639344,0.04098361,0.0273224,0.0273224,0.0273224,0.08196721,0.06010929,0.0136612,0.07377049,0.04918033,0.06557377,0.06830601
0,467,0.02569593,0.05781585,0.03640257,0.05995717,0.1199143,0.06423983,0.0235546,0.01498929,0.06423983,0.03211991,0.01070664,0.01713062,0.07922912,0.05567452,0.04925054,0.02997859,0.09635974,0.04282655,0.07922912,0.04068522
0,524,0.02099237,0.0648855,0.06679389,0.0610687,0.1164122,0.05343511,0.03053435,0.01335878,0.05534351,0.03435115,0.01145038,0.03244275,0.08396947,0.04389313,0.04389313,0.04198473,0.08778626,0.04961832,0.04961832,0.03816794
0,266,0.09022556,0.04511278,0.03007519,0.1052632,0.1015038,0.0112782,0.01879699,0.02255639,0.05639098,0.03759398,0.01503759,0.03383459,0.02631579,0.07894737,0.04511278,0.03759398,0.06766917,0.03007519,0.08270677,0.06390977
0,266,0.09398496,0.04511278,0.03383459,0.1015038,0.1015038,0.0112782,0.01879699,0.02255639,0.06015038,0.04887218,0.01503759,0.02631579,0.02255639,0.07142857,0.04135338,0.03007519,0.06766917,0.03007519,0.08646617,0.07142857
0,266,0.09022556,0.04887218,0.04135338,0.09398496,0.1015038,0.0112782,0.02255639,0.02255639,0.06015038,0.03759398,0.01879699,0.02255639,0.03007519,0.07142857,0.05263158,0.03007519,0.06390977,0.03383459,0.07894737,0.06766917
0,390,0.03076923,0.05641026,0.08974359,0.08205128,0.1076923,0.07948718,0.02051282,0.02820513,0.04358974,0.03846154,0.02564103,0.01282051,0.04615385,0.04615385,0.02564103,0.02820513,0.03333333,0.03589744,0.08974359,0.07948718
0,458,0.03930131,0.05458515,0.05895197,0.1004367,0.1069869,0.09606987,0.03275109,0.02620087,0.04585153,0.02838428,0.01528384,0.01746725,0.04585153,0.05676856,0.01965066,0.0720524,0.04803493,0.02838428,0.06768559,0.03930131
0,478,0.0334728,0.06276151,0.04811715,0.08786611,0.1359833,0.06694561,0.0209205,0.0167364,0.041841,0.04393305,0.0292887,0.01464435,0.03138075,0.06485356,0.0460251,0.0334728,0.0460251,0.05020921,0.07322176,0.05230126
0,440,0.06818182,0.1,0.1159091,0.05681818,0.1681818,0.03409091,0.02272727,0.03181818,0.04318182,0.01363636,0.01818182,0.01136364,0.01363636,0.06136364,0.02727273,0.02727273,0.01818182,0.02954545,0.08409091,0.05454545
0,479,0.05427975,0.06263048,0.07724426,0.08350731,0.1127349,0.06680585,0.02922756,0.03340292,0.0480167,0.03131524,0.02087683,0.01878914,0.0480167,0.05636743,0.02296451,0.03757829,0.03549061,0.03966597,0.07098121,0.05010438
0,122,0.1065574,0.04098361,0.04918033,0.1393443,0.04918033,0.02459016,0.02459016,0.01639344,0.008196721,0.02459016,0.03278689,0.02459016,0.08196721,0.04098361,0.04918033,0.01639344,0.07377049,0.03278689,0.08196721,0.08196721
0,413,0.06779661,0.05811138,0.08232446,0.07506053,0.08958838,0.04600484,0.01452785,0.00968523,0.05569007,0.02905569,0.02179177,0.02179177,0.05084746,0.05326877,0.03631961,0.06053269,0.062954,0.04600484,0.0653753,0.05326877
0,310,0.08387097,0.07419355,0.08709677,0.05483871,0.09677419,0.0516129,0.01290323,0.03548387,0.03870968,0.0516129,0.009677419,0.02258065,0.02580645,0.06774194,0.02580645,0.02258065,0.05806452,0.04193548,0.09354839,0.04516129
0,606,0.07260726,0.04125413,0.04785479,0.06270627,0.1518152,0.05280528,0.02310231,0.01320132,0.05280528,0.03960396,0.01650165,0.01650165,0.0379538,0.05610561,0.05280528,0.02145215,0.05280528,0.04950495,0.07755776,0.06105611
0,655,0.07328244,0.03664122,0.07175573,0.06564885,0.1175573,0.06870229,0.02900763,0.01832061,0.06412214,0.03358779,0.007633588,0.01526718,0.0610687,0.03358779,0.03053435,0.0519084,0.04580153,0.03206107,0.08549618,0.05801527
