"Class","TotalAA","G","P","A","V","L","I","M","C","F","Y","W","H","K","R","Q","N","E","D","S","T"
Hcy,407,0.058968058968059,0.0614250614250614,0.0491400491400491,0.0491400491400491,0.100737100737101,0.0343980343980344,0.027027027027027,0.0171990171990172,0.0687960687960688,0.0319410319410319,0.0171990171990172,0.0343980343980344,0.0417690417690418,0.0540540540540541,0.0491400491400491,0.0294840294840295,0.0712530712530713,0.0712530712530713,0.0712530712530713,0.0614250614250614
Hcy,657,0.0654490106544901,0.0471841704718417,0.0532724505327245,0.0532724505327245,0.0730593607305936,0.0502283105022831,0.0273972602739726,0.0076103500761035,0.0578386605783866,0.0350076103500761,0.015220700152207,0.0700152207001522,0.0471841704718417,0.0471841704718417,0.0228310502283105,0.0578386605783866,0.0715372907153729,0.0928462709284627,0.0502283105022831,0.0547945205479452
Hcy,628,0.0573248407643312,0.0509554140127389,0.054140127388535,0.0636942675159236,0.0812101910828025,0.0525477707006369,0.0207006369426752,0.0143312101910828,0.0525477707006369,0.0445859872611465,0.0127388535031847,0.071656050955414,0.0621019108280255,0.0493630573248408,0.0191082802547771,0.0461783439490446,0.0700636942675159,0.0843949044585987,0.0557324840764331,0.036624203821656
Hcy,657,0.0715372907153729,0.0471841704718417,0.0517503805175038,0.0532724505327245,0.0745814307458143,0.060882800608828,0.0243531202435312,0.0091324200913242,0.0578386605783866,0.0395738203957382,0.0136986301369863,0.0578386605783866,0.045662100456621,0.0487062404870624,0.0258751902587519,0.0563165905631659,0.0715372907153729,0.0882800608828006,0.0517503805175038,0.0502283105022831
Hcy,2896,0.0555939226519337,0.0538674033149171,0.0621546961325967,0.0573204419889503,0.0890883977900552,0.0500690607734807,0.0217541436464088,0.0158839779005525,0.056975138121547,0.0445441988950276,0.0176104972375691,0.056975138121547,0.0462707182320442,0.0400552486187845,0.0324585635359116,0.0466160220994475,0.0642265193370166,0.0694060773480663,0.0621546961325967,0.056975138121547
Hcy,413,0.0556900726392252,0.0581113801452785,0.0581113801452785,0.0532687651331719,0.0774818401937046,0.0435835351089588,0.0121065375302663,0.0169491525423729,0.0702179176755448,0.0460048426150121,0.0193704600484262,0.0581113801452785,0.0460048426150121,0.0435835351089588,0.0435835351089588,0.0435835351089588,0.0702179176755448,0.0871670702179177,0.0532687651331719,0.0435835351089588
Hcy,657,0.0715372907153729,0.045662100456621,0.045662100456621,0.0578386605783866,0.0745814307458143,0.0593607305936073,0.0228310502283105,0.0091324200913242,0.0563165905631659,0.0426179604261796,0.0136986301369863,0.0578386605783866,0.0502283105022831,0.0487062404870624,0.0289193302891933,0.0563165905631659,0.076103500761035,0.0806697108066971,0.0517503805175038,0.0502283105022831
Hcy,650,0.0615384615384615,0.0492307692307692,0.0507692307692308,0.0753846153846154,0.0707692307692308,0.0476923076923077,0.0215384615384615,0.00307692307692308,0.0630769230769231,0.0415384615384615,0.0153846153846154,0.0692307692307692,0.0430769230769231,0.0507692307692308,0.0215384615384615,0.0430769230769231,0.0738461538461539,0.0861538461538462,0.0615384615384615,0.0507692307692308
Hcy,626,0.0575079872204473,0.0479233226837061,0.0543130990415335,0.0654952076677316,0.0766773162939297,0.060702875399361,0.0255591054313099,0.012779552715655,0.0511182108626198,0.036741214057508,0.0111821086261981,0.0511182108626198,0.0527156549520767,0.0527156549520767,0.0287539936102236,0.0479233226837061,0.0798722044728434,0.073482428115016,0.060702875399361,0.0527156549520767
Hcy,656,0.0579268292682927,0.0533536585365854,0.0518292682926829,0.0701219512195122,0.0899390243902439,0.0442073170731707,0.0228658536585366,0.0106707317073171,0.0411585365853659,0.0533536585365854,0.0152439024390244,0.0548780487804878,0.0609756097560976,0.0518292682926829,0.0289634146341463,0.0472560975609756,0.0838414634146342,0.0807926829268293,0.0304878048780488,0.0503048780487805
Hcy,624,0.0608974358974359,0.0480769230769231,0.0496794871794872,0.0769230769230769,0.0833333333333333,0.0528846153846154,0.0288461538461538,0.0176282051282051,0.0496794871794872,0.0448717948717949,0.00961538461538462,0.0448717948717949,0.0560897435897436,0.0512820512820513,0.0288461538461538,0.0448717948717949,0.0737179487179487,0.078525641025641,0.0480769230769231,0.0512820512820513
Hcy,631,0.0538827258320127,0.0475435816164818,0.0665610142630745,0.0697305863708399,0.0792393026941363,0.0491283676703645,0.0253565768621236,0.0158478605388273,0.0570522979397781,0.0443740095087163,0.00792393026941363,0.0475435816164818,0.0443740095087163,0.0602218700475436,0.03486529318542,0.0364500792393027,0.063391442155309,0.0824088748019017,0.0570522979397781,0.0570522979397781
Hcy,627,0.0606060606060606,0.0558213716108453,0.0558213716108453,0.062200956937799,0.087719298245614,0.0574162679425837,0.0239234449760766,0.0159489633173844,0.0414673046251994,0.0462519936204147,0.00956937799043062,0.0446570972886762,0.0494417862838915,0.0685805422647528,0.0318979266347687,0.0446570972886762,0.0749601275917065,0.0717703349282297,0.0558213716108453,0.0414673046251994
Hcy,659,0.0546282245827011,0.039453717754173,0.0713201820940819,0.0758725341426404,0.0652503793626707,0.0424886191198786,0.0197268588770865,0.0136570561456753,0.0485584218512898,0.047040971168437,0.0121396054628225,0.0591805766312595,0.0500758725341426,0.0531107738998483,0.0333839150227618,0.0515933232169954,0.0743550834597876,0.0773899848254932,0.0622154779969651,0.0485584218512898
Hcy,661,0.0680786686838124,0.0393343419062027,0.0605143721633888,0.0590015128593041,0.0922844175491679,0.0423600605143722,0.0226928895612708,0.00453857791225416,0.0574886535552194,0.0438729198184569,0.0151285930408472,0.0559757942511346,0.0408472012102874,0.0544629349470499,0.0257186081694402,0.0544629349470499,0.0695915279878971,0.0816944024205749,0.0605143721633888,0.0514372163388805
Hcy,208,0.0480769230769231,0.0865384615384615,0.0576923076923077,0.0673076923076923,0.100961538461538,0.0240384615384615,0.0240384615384615,0.0336538461538462,0.0480769230769231,0.0240384615384615,0.00961538461538462,0.0673076923076923,0.0384615384615385,0.0432692307692308,0.0336538461538462,0.0480769230769231,0.0528846153846154,0.0432692307692308,0.0673076923076923,0.0817307692307692
Hcy,410,0.0536585365853659,0.0609756097560976,0.0658536585365854,0.0585365853658537,0.1,0.0439024390243902,0.00731707317073171,0.0170731707317073,0.0609756097560976,0.0487804878048781,0.0121951219512195,0.0463414634146341,0.0487804878048781,0.0439024390243902,0.0487804878048781,0.0560975609756098,0.0609756097560976,0.0658536585365854,0.0512195121951219,0.0487804878048781
Hcy,629,0.0572337042925278,0.0540540540540541,0.0540540540540541,0.0604133545310016,0.0842607313195548,0.0556438791732909,0.0286168521462639,0.0206677265500795,0.0524642289348172,0.0381558028616852,0.0111287758346582,0.0572337042925278,0.0445151033386327,0.0620031796502385,0.0286168521462639,0.0445151033386327,0.0699523052464229,0.0810810810810811,0.0524642289348172,0.0429252782193959
Hcy,629,0.0572337042925278,0.0556438791732909,0.0620031796502385,0.0747217806041336,0.0906200317965024,0.0429252782193959,0.0222575516693164,0.0174880763116057,0.0508744038155803,0.0381558028616852,0.0127186009538951,0.0461049284578696,0.0476947535771065,0.0572337042925278,0.0254372019077901,0.0524642289348172,0.0715421303656598,0.0667726550079491,0.0524642289348172,0.0556438791732909
Hcy,627,0.0653907496012759,0.0526315789473684,0.0462519936204147,0.0781499202551834,0.0845295055821372,0.0478468899521531,0.025518341307815,0.0159489633173844,0.0526315789473684,0.0430622009569378,0.0111642743221691,0.0462519936204147,0.0430622009569378,0.0653907496012759,0.0350877192982456,0.0382775119617225,0.0717703349282297,0.0701754385964912,0.0590111642743222,0.0478468899521531
Hcy,629,0.0588235294117647,0.0397456279809221,0.0540540540540541,0.0715421303656598,0.0842607313195548,0.0476947535771065,0.0238473767885533,0.0158982511923688,0.0508744038155803,0.0397456279809221,0.00794912559618442,0.0492845786963434,0.0461049284578696,0.0667726550079491,0.0365659777424483,0.0349761526232114,0.0651828298887122,0.0842607313195548,0.0635930047694754,0.0588235294117647
Hcy,673,0.0609212481426449,0.0445765230312036,0.0534918276374443,0.0638930163447251,0.0683506686478455,0.062407132243685,0.0222882615156018,0.0104011887072808,0.0564635958395245,0.0460624071322437,0.0178306092124814,0.0534918276374443,0.0564635958395245,0.0549777117384844,0.0267459138187221,0.0445765230312036,0.0772659732540862,0.0757800891530461,0.0534918276374443,0.050520059435364
Hcy,668,0.0568862275449102,0.0523952095808383,0.0494011976047904,0.0838323353293413,0.0883233532934132,0.0583832335329341,0.0149700598802395,0.0134730538922156,0.0479041916167665,0.0449101796407186,0.0119760479041916,0.0464071856287425,0.0718562874251497,0.0479041916167665,0.0284431137724551,0.0583832335329341,0.062874251497006,0.0748502994011976,0.0419161676646707,0.0449101796407186
Hcy,404,0.0594059405940594,0.047029702970297,0.0717821782178218,0.0594059405940594,0.0841584158415842,0.047029702970297,0.00742574257425743,0.0173267326732673,0.0643564356435644,0.0420792079207921,0.0173267326732673,0.0544554455445545,0.0321782178217822,0.0544554455445545,0.0371287128712871,0.0495049504950495,0.0618811881188119,0.0742574257425743,0.0594059405940594,0.0594059405940594
Hcy,250,0.064,0.052,0.06,0.048,0.068,0.044,0.032,0.024,0.04,0.056,0.024,0.052,0.048,0.052,0.024,0.04,0.056,0.08,0.072,0.064
Hcy,1233,0.0527169505271695,0.0502838605028386,0.0608272506082725,0.0535279805352798,0.0884022708840227,0.0559610705596107,0.0210867802108678,0.0178426601784266,0.0551500405515004,0.0454176804541768,0.0186536901865369,0.0592051905920519,0.0535279805352798,0.0356853203568532,0.0308191403081914,0.040551500405515,0.0640713706407137,0.0705596107055961,0.0665044606650446,0.0592051905920519
Hcy,681,0.052863436123348,0.052863436123348,0.0558002936857562,0.0646108663729809,0.0807635829662261,0.0631424375917768,0.026431718061674,0.00440528634361234,0.0499265785609398,0.0469897209985316,0.0161527165932452,0.0646108663729809,0.0558002936857562,0.0411160058737151,0.026431718061674,0.0631424375917768,0.0866372980910426,0.066079295154185,0.0411160058737151,0.0411160058737151
Hcy,12,0.0833333333333333,0.166666666666667,0,0.0833333333333333,0,0,0,0,0,0,0,0.0833333333333333,0.0833333333333333,0,0.166666666666667,0,0.0833333333333333,0.166666666666667,0,0.0833333333333333
Hcy,12,0.0833333333333333,0.166666666666667,0,0.0833333333333333,0,0,0,0,0,0,0,0.0833333333333333,0.0833333333333333,0,0.166666666666667,0,0.0833333333333333,0.166666666666667,0,0.0833333333333333
Hcy,12,0.0833333333333333,0.166666666666667,0,0.0833333333333333,0,0,0,0,0,0,0,0,0.0833333333333333,0.0833333333333333,0.166666666666667,0,0.0833333333333333,0.166666666666667,0,0.0833333333333333
Hcy,15,0,0,0.133333333333333,0.0666666666666667,0.133333333333333,0,0,0,0.0666666666666667,0,0,0.0666666666666667,0.0666666666666667,0,0.133333333333333,0.133333333333333,0,0.133333333333333,0.0666666666666667,0
Hcy,759,0.0487483530961792,0.0289855072463768,0.0355731225296443,0.0579710144927536,0.0658761528326746,0.0461133069828722,0.0408432147562582,0.00527009222661397,0.108036890645586,0.10935441370224,0.0158102766798419,0.0276679841897233,0.0790513833992095,0.0342555994729908,0.0223978919631094,0.0395256916996047,0.0671936758893281,0.077733860342556,0.0421607378129117,0.0474308300395257
Hcy,748,0.0441176470588235,0.0307486631016043,0.0294117647058824,0.0815508021390374,0.0909090909090909,0.0588235294117647,0.0842245989304813,0.0133689839572193,0.0441176470588235,0.0387700534759358,0.0147058823529412,0.0240641711229947,0.0828877005347594,0.0748663101604278,0.00668449197860963,0.0374331550802139,0.0441176470588235,0.0882352941176471,0.0347593582887701,0.0762032085561497
Hcy,749,0.0333778371161549,0.0293724966622163,0.0213618157543391,0.0881174899866489,0.114819759679573,0.0680907877169559,0.054739652870494,0.00801068090787717,0.0587449933244326,0.0520694259012016,0.00934579439252336,0.0213618157543391,0.0907877169559413,0.0707610146862483,0.0133511348464619,0.0467289719626168,0.0387182910547397,0.101468624833111,0.0200267022696929,0.0587449933244326
Hcy,10,0.1,0,0,0,0,0.3,0,0,0,0.1,0,0.2,0.1,0,0.1,0,0.1,0,0,0
Hcy,684,0.0584795321637427,0.0555555555555556,0.0511695906432749,0.0687134502923977,0.0730994152046784,0.0570175438596491,0.0233918128654971,0.0116959064327485,0.0599415204678363,0.0365497076023392,0.0131578947368421,0.0307017543859649,0.0423976608187134,0.0745614035087719,0.043859649122807,0.0584795321637427,0.0511695906432749,0.0804093567251462,0.0526315789473684,0.0570175438596491
Hcy,683,0.0468521229868228,0.0585651537335286,0.0497803806734993,0.0702781844802343,0.0863836017569546,0.0497803806734993,0.0366032210834553,0.0146412884333821,0.0541727672035139,0.0336749633967789,0.0102489019033675,0.04099560761347,0.0453879941434846,0.0746705710102489,0.0380673499267936,0.04099560761347,0.0629575402635432,0.0761346998535871,0.0673499267935578,0.0424597364568082
Hcy,71,0.028169014084507,0.0704225352112676,0.0845070422535211,0.0422535211267606,0.0563380281690141,0.0704225352112676,0.0422535211267606,0,0.0422535211267606,0.0845070422535211,0.0140845070422535,0.0563380281690141,0.028169014084507,0.0985915492957746,0.0422535211267606,0.0704225352112676,0.0845070422535211,0.0563380281690141,0.028169014084507,0
Hcy,684,0.0526315789473684,0.0497076023391813,0.0614035087719298,0.0614035087719298,0.0760233918128655,0.0628654970760234,0.0263157894736842,0.0043859649122807,0.0497076023391813,0.0467836257309941,0.0160818713450292,0.0701754385964912,0.0584795321637427,0.0409356725146199,0.0248538011695906,0.0657894736842105,0.0906432748538012,0.0614035087719298,0.0409356725146199,0.0394736842105263
Hcy,12,0.0833333333333333,0.166666666666667,0,0.0833333333333333,0,0,0,0,0,0,0,0,0.0833333333333333,0,0.166666666666667,0,0.0833333333333333,0.166666666666667,0,0.166666666666667
Hcy,685,0.0627737226277372,0.0671532846715329,0.0569343065693431,0.0613138686131387,0.0656934306569343,0.0554744525547445,0.037956204379562,0.0145985401459854,0.0583941605839416,0.0423357664233577,0.0116788321167883,0.0262773722627737,0.0277372262773723,0.089051094890511,0.0335766423357664,0.0554744525547445,0.0496350364963504,0.0773722627737226,0.0642335766423358,0.0423357664233577
Hcy,693,0.0447330447330447,0.0663780663780664,0.0533910533910534,0.0562770562770563,0.088023088023088,0.0461760461760462,0.0274170274170274,0.012987012987013,0.062049062049062,0.0317460317460317,0.0144300144300144,0.0245310245310245,0.0346320346320346,0.075036075036075,0.0432900432900433,0.0663780663780664,0.0678210678210678,0.0649350649350649,0.0634920634920635,0.0562770562770563
Hcy,685,0.0613138686131387,0.0642335766423358,0.0496350364963504,0.0656934306569343,0.0671532846715329,0.0510948905109489,0.0394160583941606,0.0145985401459854,0.0627737226277372,0.0394160583941606,0.0116788321167883,0.0262773722627737,0.0394160583941606,0.0788321167883212,0.0408759124087591,0.0583941605839416,0.0467153284671533,0.072992700729927,0.0569343065693431,0.0525547445255474
Hcy,695,0.0431654676258993,0.0647482014388489,0.0661870503597122,0.0575539568345324,0.0805755395683453,0.0546762589928058,0.0330935251798561,0.0115107913669065,0.0517985611510791,0.037410071942446,0.0143884892086331,0.0244604316546763,0.0446043165467626,0.0705035971223022,0.0388489208633093,0.0575539568345324,0.0690647482014388,0.0676258992805755,0.0647482014388489,0.0474820143884892
Hcy,747,0.0468540829986613,0.0374832663989291,0.0401606425702811,0.0763052208835341,0.0789825970548862,0.0455153949129853,0.109772423025435,0.0187416331994645,0.0428380187416332,0.0495314591700134,0.0133868808567604,0.0120481927710843,0.07095046854083,0.0548862115127175,0.0214190093708166,0.0401606425702811,0.0495314591700134,0.0776439089692102,0.0535475234270415,0.0602409638554217
Hcy,12,0,0.0833333333333333,0.166666666666667,0.0833333333333333,0,0,0,0,0,0,0,0,0.0833333333333333,0,0.0833333333333333,0,0,0.166666666666667,0.166666666666667,0
Hcy,25,0.12,0.08,0.08,0.08,0.12,0.04,0,0,0,0.08,0,0,0.12,0,0.08,0.08,0,0.08,0.04,0
Hcy,19,0.105263157894737,0,0.105263157894737,0,0.105263157894737,0.0526315789473684,0,0,0,0,0,0.157894736842105,0.0526315789473684,0,0.105263157894737,0.105263157894737,0,0.157894736842105,0.0526315789473684,0
Hcy,26,0.0769230769230769,0.0384615384615385,0.0769230769230769,0.0769230769230769,0.0384615384615385,0.0769230769230769,0,0,0,0.0384615384615385,0,0.0384615384615385,0.0769230769230769,0,0.0769230769230769,0.0384615384615385,0.0384615384615385,0.115384615384615,0.115384615384615,0
Hcy,12,0,0,0,0.333333333333333,0.0833333333333333,0,0,0,0,0,0,0,0.0833333333333333,0.0833333333333333,0,0.0833333333333333,0,0.166666666666667,0.0833333333333333,0.0833333333333333
Hcy,420,0.0690476190476191,0.0476190476190476,0.0714285714285714,0.0547619047619048,0.0857142857142857,0.0380952380952381,0.0119047619047619,0.0166666666666667,0.0619047619047619,0.05,0.0142857142857143,0.0642857142857143,0.0428571428571429,0.0476190476190476,0.0404761904761905,0.0404761904761905,0.0595238095238095,0.0880952380952381,0.0595238095238095,0.0357142857142857
Hcy,24,0.0416666666666667,0.0416666666666667,0.0416666666666667,0.125,0.166666666666667,0.0416666666666667,0,0,0,0.0833333333333333,0,0,0.0833333333333333,0,0.125,0.0833333333333333,0,0.0416666666666667,0.0833333333333333,0
Hcy,14,0.0714285714285714,0,0,0.142857142857143,0.142857142857143,0,0,0,0,0,0,0.0714285714285714,0.0714285714285714,0.0714285714285714,0.0714285714285714,0.0714285714285714,0.142857142857143,0,0.0714285714285714,0.0714285714285714
Hcy,87,0.0344827586206897,0.0229885057471264,0.0689655172413793,0.0344827586206897,0.149425287356322,0.0459770114942529,0.0114942528735632,0.0114942528735632,0.0689655172413793,0.0114942528735632,0,0.0919540229885057,0.0804597701149425,0.0574712643678161,0.0344827586206897,0.0344827586206897,0.103448275862069,0.0574712643678161,0.0459770114942529,0.0344827586206897
Hcy,32,0.09375,0.03125,0.0625,0.09375,0.0625,0,0,0,0.03125,0.0625,0,0.03125,0.0625,0,0.0625,0.09375,0.0625,0.15625,0.09375,0
Hcy,607,0.0609555189456343,0.0741350906095552,0.0790774299835255,0.0593080724876442,0.0724876441515651,0.0560131795716639,0.014827018121911,0.0115321252059308,0.0395387149917628,0.0378912685337726,0.014827018121911,0.0214168039538715,0.0774299835255354,0.042833607907743,0.0214168039538715,0.0444810543657331,0.0477759472817133,0.0807248764415156,0.0724876441515651,0.070840197693575
Hcy,683,0.04099560761347,0.0527086383601757,0.0541727672035139,0.0732064421669107,0.0878477306002928,0.0483162518301611,0.0366032210834553,0.0117130307467057,0.0512445095168375,0.0366032210834553,0.0102489019033675,0.0366032210834553,0.0453879941434846,0.0805270863836018,0.0351390922401171,0.0439238653001464,0.068814055636896,0.0746705710102489,0.068814055636896,0.0424597364568082
Hcy,684,0.054093567251462,0.0672514619883041,0.0423976608187134,0.0687134502923977,0.0847953216374269,0.0511695906432749,0.033625730994152,0.00730994152046784,0.0599415204678363,0.0321637426900585,0.0116959064327485,0.0292397660818713,0.0219298245614035,0.0994152046783626,0.0380116959064327,0.0584795321637427,0.0497076023391813,0.0789473684210526,0.0701754385964912,0.0409356725146199
Hcy,684,0.0614035087719298,0.0584795321637427,0.0453216374269006,0.0687134502923977,0.0833333333333333,0.0555555555555556,0.0204678362573099,0.0131578947368421,0.0628654970760234,0.0350877192982456,0.0131578947368421,0.0263157894736842,0.0350877192982456,0.0847953216374269,0.0511695906432749,0.0497076023391813,0.0511695906432749,0.0789473684210526,0.0526315789473684,0.0526315789473684
Hcy,195,0.0564102564102564,0.0564102564102564,0.0358974358974359,0.0564102564102564,0.041025641025641,0.041025641025641,0.0512820512820513,0.0102564102564103,0.0769230769230769,0.0205128205128205,0.0153846153846154,0.0307692307692308,0.0153846153846154,0.102564102564103,0.0717948717948718,0.0512820512820513,0.0564102564102564,0.0564102564102564,0.0615384615384615,0.0923076923076923
Hcy,56,0.0357142857142857,0.0178571428571429,0.107142857142857,0.0714285714285714,0.142857142857143,0.0535714285714286,0.142857142857143,0.0357142857142857,0.0178571428571429,0.0178571428571429,0,0.0178571428571429,0.0714285714285714,0.0178571428571429,0.0178571428571429,0.0357142857142857,0.0178571428571429,0.0535714285714286,0.0714285714285714,0.0535714285714286
Hcy,704,0.0369318181818182,0.0440340909090909,0.0568181818181818,0.0639204545454545,0.0823863636363636,0.0454545454545455,0.0383522727272727,0.00710227272727273,0.0923295454545455,0.0767045454545455,0.00994318181818182,0.0198863636363636,0.0767045454545455,0.0369318181818182,0.0340909090909091,0.0568181818181818,0.0653409090909091,0.0596590909090909,0.046875,0.0497159090909091
Hcy,624,0.0336538461538462,0.0560897435897436,0.0512820512820513,0.102564102564103,0.0977564102564103,0.046474358974359,0.0208333333333333,0.00641025641025641,0.0480769230769231,0.0528846153846154,0.0176282051282051,0.0432692307692308,0.0512820512820513,0.0480769230769231,0.046474358974359,0.0560897435897436,0.0721153846153846,0.0480769230769231,0.0512820512820513,0.0496794871794872
Hcy,759,0.0527009222661397,0.0303030303030303,0.0303030303030303,0.0579710144927536,0.0619235836627141,0.0527009222661397,0.0434782608695652,0.00263504611330698,0.104084321475626,0.108036890645586,0.0144927536231884,0.0316205533596838,0.0764163372859025,0.0355731225296443,0.0197628458498024,0.0434782608695652,0.0671936758893281,0.0737812911725955,0.0434782608695652,0.0500658761528327
Hcy,702,0.0413105413105413,0.0641025641025641,0.0484330484330484,0.0754985754985755,0.0698005698005698,0.0441595441595442,0.0256410256410256,0,0.0883190883190883,0.106837606837607,0.00854700854700855,0.0256410256410256,0.0754985754985755,0.0327635327635328,0.0398860398860399,0.0584045584045584,0.0626780626780627,0.0584045584045584,0.0527065527065527,0.0213675213675214
Hcy,704,0.0440340909090909,0.0539772727272727,0.046875,0.0710227272727273,0.0752840909090909,0.046875,0.0170454545454545,0.00284090909090909,0.0866477272727273,0.0923295454545455,0.00852272727272727,0.0269886363636364,0.0724431818181818,0.0340909090909091,0.0383522727272727,0.0639204545454545,0.0667613636363636,0.0582386363636364,0.0369318181818182,0.0568181818181818
Hcy,1057,0.0794701986754967,0.0671712393566698,0.0728476821192053,0.0491958372753075,0.0794701986754967,0.0473036896877956,0.0245979186376537,0.0151371807000946,0.0454115421002838,0.0491958372753075,0.0227057710501419,0.0302743614001892,0.0406811731315043,0.0567644276253548,0.0293282876064333,0.0473036896877956,0.054872280037843,0.0586565752128666,0.0700094607379376,0.0596026490066225
Hcy,1029,0.0602526724975705,0.0242954324586978,0.033041788143829,0.086491739552964,0.121477162293489,0.075801749271137,0.021379980563654,0,0.0116618075801749,0.0145772594752187,0.00388726919339164,0.0145772594752187,0.0116618075801749,0.120505344995141,0.137998056365403,0.0612244897959184,0.0583090379008746,0.0826044703595724,0.0359572400388727,0.0242954324586978
Hcy,685,0.0510948905109489,0.054014598540146,0.054014598540146,0.0832116788321168,0.0598540145985401,0.0364963503649635,0.0321167883211679,0.00437956204379562,0.0569343065693431,0.108029197080292,0.00583941605839416,0.0510948905109489,0.0598540145985401,0.0481751824817518,0.035036496350365,0.054014598540146,0.0525547445255474,0.0744525547445255,0.0437956204379562,0.035036496350365
Hcy,692,0.0491329479768786,0.0346820809248555,0.0433526011560694,0.0549132947976879,0.0809248554913295,0.046242774566474,0.0390173410404624,0.00433526011560694,0.0968208092485549,0.114161849710983,0.0158959537572254,0.0101156069364162,0.0664739884393064,0.0433526011560694,0.0245664739884393,0.0578034682080925,0.0491329479768786,0.0679190751445087,0.0476878612716763,0.0534682080924856
Hcy,21,0.0952380952380952,0.0476190476190476,0,0.142857142857143,0.0476190476190476,0.0952380952380952,0,0,0,0.0476190476190476,0,0.0476190476190476,0.19047619047619,0,0.142857142857143,0.0952380952380952,0,0,0.0476190476190476,0
Hcy,685,0.0467153284671533,0.0496350364963504,0.0496350364963504,0.0496350364963504,0.0846715328467153,0.0700729927007299,0.0233576642335766,0.018978102189781,0.0686131386861314,0.0452554744525547,0.0116788321167883,0.0481751824817518,0.0613138686131387,0.0467153284671533,0.0291970802919708,0.0554744525547445,0.0759124087591241,0.0656934306569343,0.054014598540146,0.0452554744525547
Hcy,153,0.0130718954248366,0.0326797385620915,0.0457516339869281,0.0326797385620915,0.176470588235294,0.065359477124183,0.0392156862745098,0.0261437908496732,0.0392156862745098,0.0261437908496732,0.0065359477124183,0.0196078431372549,0.0718954248366013,0.0326797385620915,0.0457516339869281,0.065359477124183,0.0784313725490196,0.0196078431372549,0.0718954248366013,0.0915032679738562
Hcy,23,0.0869565217391304,0.0434782608695652,0.0434782608695652,0.0434782608695652,0,0,0,0,0,0.0434782608695652,0,0.0434782608695652,0.0869565217391304,0,0.0869565217391304,0.0434782608695652,0,0.0869565217391304,0.130434782608696,0.0434782608695652
Hcy,31,0.032258064516129,0.032258064516129,0.032258064516129,0.129032258064516,0.0967741935483871,0.032258064516129,0,0,0.0645161290322581,0.032258064516129,0,0.0645161290322581,0.0967741935483871,0.032258064516129,0.0645161290322581,0.032258064516129,0,0.032258064516129,0.0967741935483871,0.129032258064516
Hcy,12,0.166666666666667,0.0833333333333333,0.166666666666667,0,0,0,0,0,0,0,0,0,0.0833333333333333,0,0.166666666666667,0,0,0.166666666666667,0.166666666666667,0
Hcy,21,0.0476190476190476,0.0476190476190476,0,0.0952380952380952,0.0476190476190476,0.0476190476190476,0,0,0.0952380952380952,0.0952380952380952,0,0.0476190476190476,0.142857142857143,0,0.0952380952380952,0.0476190476190476,0,0.142857142857143,0,0.0476190476190476
Hcy,20,0,0,0.1,0.1,0.1,0.05,0,0,0,0,0,0.1,0.1,0,0.1,0.05,0,0.15,0.1,0.05
Hcy,26,0.0384615384615385,0.0384615384615385,0.0384615384615385,0.230769230769231,0.0769230769230769,0.0384615384615385,0,0,0.0769230769230769,0.0384615384615385,0,0.0384615384615385,0.0769230769230769,0,0.0769230769230769,0.0769230769230769,0,0.0384615384615385,0.0769230769230769,0.0384615384615385
Hcy,20,0,0.05,0.15,0.1,0.1,0,0,0,0.05,0.05,0,0,0.15,0,0.15,0.05,0,0.1,0.05,0
Hcy,560,0.0625,0.0607142857142857,0.0714285714285714,0.0428571428571429,0.0839285714285714,0.05,0.0303571428571429,0.0232142857142857,0.0571428571428571,0.0339285714285714,0.0142857142857143,0.0535714285714286,0.0607142857142857,0.0375,0.0392857142857143,0.0446428571428571,0.0410714285714286,0.075,0.0553571428571429,0.0625
Hcy,11,0,0,0,0.0909090909090909,0.181818181818182,0,0.0909090909090909,0,0,0,0,0,0.0909090909090909,0.0909090909090909,0,0,0,0.272727272727273,0,0.181818181818182
Hcy,20,0.05,0,0.05,0.05,0.1,0.05,0,0,0,0,0,0.1,0.1,0,0.1,0.1,0,0.1,0.1,0.1
Hcy,12,0.0833333333333333,0.0833333333333333,0.166666666666667,0.0833333333333333,0,0,0,0,0,0,0,0,0.0833333333333333,0,0.166666666666667,0,0,0.166666666666667,0.166666666666667,0
Hcy,25,0,0.04,0.08,0.04,0.12,0.08,0,0.04,0.04,0.08,0,0.04,0.04,0.08,0.08,0.04,0,0,0.04,0.04
Hcy,30,0.0333333333333333,0.0333333333333333,0.0666666666666667,0.1,0.2,0,0,0,0,0.1,0,0.1,0.0333333333333333,0,0.0666666666666667,0.0333333333333333,0,0.0666666666666667,0.133333333333333,0.0333333333333333
Hcy,12,0.166666666666667,0.0833333333333333,0.25,0,0,0,0,0,0,0,0,0,0.0833333333333333,0,0.166666666666667,0,0,0.166666666666667,0.0833333333333333,0
Hcy,31,0.032258064516129,0.032258064516129,0.0645161290322581,0.032258064516129,0.193548387096774,0.0645161290322581,0,0,0,0.0645161290322581,0,0,0.0967741935483871,0.032258064516129,0.129032258064516,0.0645161290322581,0.032258064516129,0.032258064516129,0.0967741935483871,0.032258064516129
Hcy,23,0.0869565217391304,0,0.0434782608695652,0.0869565217391304,0.130434782608696,0.0869565217391304,0.0434782608695652,0,0.130434782608696,0,0,0.0434782608695652,0.0434782608695652,0,0.0869565217391304,0.0434782608695652,0.0434782608695652,0.0869565217391304,0.0434782608695652,0
Hcy,22,0.181818181818182,0,0.0454545454545455,0.0454545454545455,0.136363636363636,0.136363636363636,0,0,0.136363636363636,0.0909090909090909,0,0,0,0,0.136363636363636,0.0909090909090909,0,0,0,0
Hcy,21,0.0476190476190476,0.0476190476190476,0.0476190476190476,0.0952380952380952,0.19047619047619,0.0476190476190476,0,0,0,0.0952380952380952,0,0,0.0952380952380952,0,0.142857142857143,0.0952380952380952,0,0.0476190476190476,0,0.0476190476190476
Hcy,27,0.0740740740740741,0,0.111111111111111,0.037037037037037,0.185185185185185,0.037037037037037,0,0,0,0.0740740740740741,0,0.111111111111111,0.037037037037037,0.037037037037037,0.0740740740740741,0.0740740740740741,0.037037037037037,0.111111111111111,0,0
Hcy,26,0.0384615384615385,0,0.0769230769230769,0.153846153846154,0.0384615384615385,0.0384615384615385,0,0,0,0.0769230769230769,0,0.115384615384615,0.115384615384615,0,0.0384615384615385,0.0384615384615385,0.0384615384615385,0.115384615384615,0.0769230769230769,0.0384615384615385
Hcy,35,0.0571428571428571,0.0285714285714286,0.0285714285714286,0.142857142857143,0.114285714285714,0.0571428571428571,0,0,0.0571428571428571,0.0285714285714286,0,0.0571428571428571,0.0857142857142857,0,0.0571428571428571,0.0285714285714286,0.0571428571428571,0.114285714285714,0,0
Hcy,20,0.05,0.05,0.1,0.05,0.1,0,0,0,0,0,0,0,0.1,0,0.15,0,0,0.25,0.05,0.05
Hcy,566,0.0600706713780919,0.0477031802120141,0.0547703180212014,0.0706713780918728,0.0441696113074205,0.0742049469964664,0.0282685512367491,0.0088339222614841,0.0636042402826855,0.0424028268551237,0.0141342756183746,0.0618374558303887,0.0530035335689046,0.0512367491166078,0.0229681978798587,0.049469964664311,0.0583038869257951,0.0865724381625442,0.0583038869257951,0.049469964664311
Hcy,37,0,0.027027027027027,0.108108108108108,0.027027027027027,0.135135135135135,0.0540540540540541,0,0,0,0.0810810810810811,0,0.027027027027027,0.0540540540540541,0.0540540540540541,0.0810810810810811,0.0540540540540541,0.027027027027027,0.0810810810810811,0.135135135135135,0.027027027027027
Hcy,7,0,0,0,0.142857142857143,0.142857142857143,0,0,0,0,0,0,0,0.142857142857143,0.142857142857143,0,0.142857142857143,0,0.142857142857143,0,0
Hcy,733,0.053206002728513,0.0559345156889495,0.043656207366985,0.0750341064120055,0.0654843110504775,0.0313778990450205,0.00682128240109141,0.00409276944065484,0.0559345156889495,0.150068212824011,0.00272851296043656,0.0245566166439291,0.0463847203274216,0.0613915416098226,0.0368349249658936,0.0559345156889495,0.0559345156889495,0.0723055934515689,0.0450204638472033,0.0572987721691678
Hcy,816,0.0551470588235294,0.0306372549019608,0.0428921568627451,0.045343137254902,0.0723039215686275,0.0392156862745098,0.0637254901960784,0.00367647058823529,0.0894607843137255,0.100490196078431,0.0196078431372549,0.0441176470588235,0.0637254901960784,0.0306372549019608,0.0355392156862745,0.0404411764705882,0.0674019607843137,0.0600490196078431,0.0392156862745098,0.0563725490196078
Hcy,789,0.0468948035487959,0.0316856780735108,0.0532319391634981,0.0456273764258555,0.0659062103929024,0.0392902408111534,0.0709759188846641,0.00380228136882129,0.0925221799746515,0.107731305449937,0.0215462610899873,0.026615969581749,0.0722433460076046,0.0304182509505703,0.0278833967046895,0.0418250950570342,0.0659062103929024,0.0671736375158428,0.0392902408111534,0.0494296577946768
Hcy,772,0.0505181347150259,0.0349740932642487,0.0427461139896373,0.0660621761658031,0.0686528497409326,0.0453367875647668,0.0246113989637306,0.00129533678756477,0.11139896373057,0.104922279792746,0.0194300518134715,0.0116580310880829,0.0854922279792746,0.0284974093264249,0.038860103626943,0.0427461139896373,0.0621761658031088,0.0738341968911917,0.0323834196891192,0.0544041450777202
Hcy,701,0.0542082738944365,0.0385164051355207,0.0499286733238231,0.0912981455064194,0.0656205420827389,0.0313837375178317,0.0285306704707561,0.00285306704707561,0.072753209700428,0.0827389443651926,0.0199714693295292,0.0756062767475036,0.0542082738944365,0.0328102710413695,0.0385164051355207,0.0456490727532097,0.0656205420827389,0.0670470756062767,0.0456490727532097,0.0370898716119829
Hcy,703,0.0398293029871977,0.0512091038406828,0.058321479374111,0.0796586059743954,0.0711237553342817,0.0355618776671408,0.0199146514935989,0,0.0910384068278805,0.102418207681366,0.0128022759601707,0.0227596017069701,0.0768136557610242,0.0355618776671408,0.0412517780938834,0.0568990042674253,0.0568990042674253,0.069701280227596,0.0568990042674253,0.0213371266002845
Hcy,708,0.0536723163841808,0.0522598870056497,0.0466101694915254,0.057909604519774,0.0875706214689266,0.0522598870056497,0.018361581920904,0.00847457627118644,0.0494350282485876,0.0423728813559322,0.0127118644067797,0.018361581920904,0.0861581920903955,0.0550847457627119,0.0338983050847458,0.0607344632768362,0.0692090395480226,0.0847457627118644,0.0593220338983051,0.0508474576271186
Hcy,664,0.0557228915662651,0.0602409638554217,0.0617469879518072,0.0647590361445783,0.0783132530120482,0.0572289156626506,0.0135542168674699,0.00903614457831325,0.0481927710843374,0.0451807228915663,0.0135542168674699,0.019578313253012,0.0753012048192771,0.0587349397590361,0.0316265060240964,0.052710843373494,0.0572289156626506,0.0918674698795181,0.0647590361445783,0.0406626506024096
Hcy,564,0.0602836879432624,0.0514184397163121,0.0390070921985816,0.0709219858156028,0.0904255319148936,0.0567375886524823,0.0195035460992908,0.00709219858156028,0.0425531914893617,0.049645390070922,0.0106382978723404,0.0159574468085106,0.0904255319148936,0.0460992907801418,0.0283687943262411,0.0585106382978723,0.0656028368794326,0.0868794326241135,0.0585106382978723,0.0514184397163121
Hcy,643,0.0544323483670296,0.0668740279937792,0.0606531881804044,0.0513219284603421,0.0777604976671851,0.0622083981337481,0.0171073094867807,0.0108864696734059,0.0544323483670296,0.0248833592534992,0.0186625194401244,0.0295489891135303,0.0684292379471229,0.0559875583203732,0.0357698289269051,0.0528771384136858,0.0590979782270607,0.0855365474339036,0.0606531881804044,0.0528771384136858
Hcy,733,0.0450204638472033,0.0504774897680764,0.0463847203274216,0.0627557980900409,0.0859481582537517,0.0559345156889495,0.0136425648021828,0.00818553888130969,0.0491132332878581,0.0450204638472033,0.0136425648021828,0.0204638472032742,0.0791268758526603,0.0627557980900409,0.0313778990450205,0.0695770804911323,0.0763983628922237,0.0859481582537517,0.0504774897680764,0.0477489768076398
Hcy,730,0.0465753424657534,0.0602739726027397,0.0520547945205479,0.0520547945205479,0.0712328767123288,0.0602739726027397,0.0191780821917808,0.010958904109589,0.0465753424657534,0.0520547945205479,0.0205479452054795,0.0219178082191781,0.0575342465753425,0.0452054794520548,0.026027397260274,0.0753424657534247,0.0534246575342466,0.063013698630137,0.0643835616438356,0.101369863013699
Hcy,640,0.05,0.0578125,0.046875,0.059375,0.0890625,0.05625,0.0109375,0.009375,0.053125,0.0421875,0.0125,0.01875,0.084375,0.059375,0.0328125,0.071875,0.0734375,0.08125,0.04375,0.046875
Hcy,749,0.0534045393858478,0.0560747663551402,0.0453938584779706,0.0627503337783712,0.0841121495327103,0.0574098798397864,0.0106809078771696,0.00801068090787717,0.0467289719626168,0.048064085447263,0.0133511348464619,0.0213618157543391,0.0814419225634179,0.0560747663551402,0.0307076101468625,0.0720961281708945,0.0720961281708945,0.0814419225634179,0.048064085447263,0.0507343124165554
Hcy,639,0.0500782472613459,0.0672926447574335,0.0391236306729265,0.0657276995305164,0.0641627543035994,0.0657276995305164,0.0219092331768388,0.0125195618153365,0.05320813771518,0.0344287949921753,0.0312989045383412,0.0359937402190923,0.081377151799687,0.0516431924882629,0.0359937402190923,0.0469483568075117,0.0516431924882629,0.0892018779342723,0.0406885758998435,0.0610328638497653
Hcy,679,0.0559646539027982,0.0559646539027982,0.04860088365243,0.0559646539027982,0.0736377025036819,0.0515463917525773,0.0191458026509573,0.0132547864506627,0.04860088365243,0.0309278350515464,0.0132547864506627,0.0412371134020619,0.0913107511045655,0.0441826215022091,0.0206185567010309,0.0618556701030928,0.0868924889543446,0.0765832106038292,0.0618556701030928,0.04860088365243
Hcy,166,0.072289156626506,0.0301204819277108,0.0301204819277108,0.036144578313253,0.102409638554217,0.0602409638554217,0.0662650602409639,0,0.0240963855421687,0.0301204819277108,0.0180722891566265,0.00602409638554217,0.120481927710843,0.0481927710843374,0.036144578313253,0.0481927710843374,0.0963855421686747,0.0481927710843374,0.0662650602409639,0.0602409638554217
Hcy,583,0.0514579759862779,0.0789022298456261,0.0480274442538593,0.065180102915952,0.072041166380789,0.0548885077186964,0.0154373927958834,0.0102915951972556,0.0668953687821612,0.0377358490566038,0.0205831903945112,0.0377358490566038,0.0806174957118353,0.0411663807890223,0.0222984562607204,0.0566037735849057,0.0548885077186964,0.072041166380789,0.0771869639794168,0.0360205831903945
Hcy,681,0.0675477239353891,0.101321585903084,0.0616740088105727,0.0587371512481645,0.079295154185022,0.052863436123348,0.0146842878120411,0.0205580029368576,0.052863436123348,0.0337738619676946,0.0146842878120411,0.0249632892804699,0.0602055800293686,0.0469897209985316,0.0234948604992658,0.039647577092511,0.0469897209985316,0.0675477239353891,0.0690161527165932,0.0631424375917768
Hcy,522,0.0325670498084291,0.0555555555555556,0.0325670498084291,0.0593869731800766,0.0957854406130268,0.0727969348659004,0.0229885057471264,0.00957854406130268,0.0593869731800766,0.024904214559387,0.0114942528735632,0.0306513409961686,0.0651340996168582,0.0593869731800766,0.0268199233716475,0.0689655172413793,0.0574712643678161,0.0804597701149425,0.0747126436781609,0.0593869731800766
Hcy,522,0.0440613026819923,0.0555555555555556,0.0402298850574713,0.0632183908045977,0.0727969348659004,0.0804597701149425,0.0306513409961686,0.0172413793103448,0.0593869731800766,0.0325670498084291,0.0134099616858238,0.0268199233716475,0.053639846743295,0.0689655172413793,0.028735632183908,0.053639846743295,0.0555555555555556,0.0842911877394636,0.0651340996168582,0.053639846743295
Hcy,549,0.0673952641165756,0.0819672131147541,0.0965391621129326,0.0673952641165756,0.0892531876138433,0.0455373406193078,0.00910746812386157,0.0182149362477231,0.0473588342440801,0.0309653916211293,0.0163934426229508,0.0327868852459016,0.0564663023679417,0.0510018214936248,0.029143897996357,0.0364298724954463,0.0382513661202186,0.0710382513661202,0.0728597449908925,0.0418943533697632
Hcy,3115,0.0622792937399679,0.0754414125200642,0.0536115569823435,0.0670947030497592,0.0853932584269663,0.0401284109149278,0.0189406099518459,0.012199036918138,0.0240770465489567,0.0173354735152488,0.00609951845906902,0.0199036918138042,0.0792937399678973,0.0443017656500803,0.0491171749598716,0.041091492776886,0.0728731942215088,0.0523274478330658,0.110433386837881,0.0680577849117175
Hcy,3066,0.0619699934768428,0.0756686236138291,0.0528375733855186,0.0671885192433138,0.08382257012394,0.0401174168297456,0.0189171559034573,0.0123939986953686,0.0244618395303327,0.0169602087410307,0.00619699934768428,0.0198956294846706,0.0795825179386823,0.0440313111545988,0.0492498369210698,0.0410958904109589,0.0740378343118069,0.0528375733855186,0.110567514677104,0.0681669928245271
Hcy,3114,0.0622992935131663,0.0754656390494541,0.0536287732819525,0.0667951188182402,0.0854206807964033,0.0401412973667309,0.018946692357097,0.0122029543994862,0.0240847784200385,0.0173410404624277,0.0061014771997431,0.0199100834938985,0.0793192035966602,0.0443159922928709,0.0491329479768786,0.0411046885035324,0.0728965960179833,0.0523442517662171,0.110468850353243,0.0680796403339756
