"Class","TotalAA","G","P","A","V","L","I","M","C","F","Y","W","H","K","R","Q","N","E","D","S","T"
Ctrl,226,0.0707964601769911,0.084070796460177,0.265486725663717,0.0442477876106195,0.0442477876106195,0.00884955752212389,0.00442477876106195,0,0.00442477876106195,0.00442477876106195,0,0,0.287610619469027,0.0132743362831858,0.00442477876106195,0.0176991150442478,0.0309734513274336,0.00442477876106195,0.0575221238938053,0.0530973451327434
Ctrl,221,0.0769230769230769,0.0995475113122172,0.208144796380091,0.0542986425339367,0.0452488687782805,0.0180995475113122,0.00452488687782805,0,0.00452488687782805,0.00452488687782805,0,0,0.276018099547511,0.0180995475113122,0.00904977375565611,0.0135746606334842,0.0271493212669683,0.00452488687782805,0.0723981900452489,0.0633484162895928
Ctrl,624,0.0817307692307692,0.0448717948717949,0.0432692307692308,0.0384615384615385,0.0576923076923077,0.0304487179487179,0.0144230769230769,0.00961538461538462,0.0256410256410256,0.0144230769230769,0.00480769230769231,0.0176282051282051,0.00961538461538462,0.120192307692308,0.0432692307692308,0.0641025641025641,0.0833333333333333,0.046474358974359,0.1875,0.0625
Ctrl,1014,0.0700197238658777,0.0433925049309665,0.0660749506903353,0.0670611439842209,0.0887573964497041,0.0473372781065089,0.02465483234714,0.0138067061143984,0.029585798816568,0.0315581854043393,0.0128205128205128,0.0187376725838264,0.124260355029586,0.0325443786982249,0.0335305719921105,0.0355029585798817,0.0739644970414201,0.0611439842209073,0.0838264299802761,0.0414201183431953
Ctrl,699,0.0443490701001431,0.0472103004291846,0.0643776824034335,0.0457796852646638,0.135908440629471,0.0701001430615164,0.0228898426323319,0.0357653791130186,0.0629470672389127,0.0371959942775393,0.00715307582260372,0.0157367668097282,0.055793991416309,0.0414878397711016,0.0286123032904149,0.055793991416309,0.0472103004291846,0.0286123032904149,0.0786838340486409,0.0743919885550787
Ctrl,105,0.0571428571428571,0.0285714285714286,0.0761904761904762,0.0285714285714286,0.104761904761905,0.0380952380952381,0.0476190476190476,0.019047619047619,0.0666666666666667,0.0285714285714286,0,0.00952380952380952,0.0952380952380952,0.0285714285714286,0.0380952380952381,0.0476190476190476,0.0571428571428571,0.0666666666666667,0.0857142857142857,0.0761904761904762
Ctrl,529,0.0642722117202268,0.0623818525519849,0.056710775047259,0.0321361058601134,0.103969754253308,0.0415879017013233,0.0283553875236295,0.0321361058601134,0.0586011342155009,0.0434782608695652,0.0264650283553875,0.0321361058601134,0.0321361058601134,0.0510396975425331,0.0434782608695652,0.0510396975425331,0.0510396975425331,0.056710775047259,0.0964083175803403,0.0359168241965974
Ctrl,219,0.0639269406392694,0.0958904109589041,0.269406392694064,0.0365296803652968,0.0410958904109589,0.0091324200913242,0.0045662100456621,0,0.0045662100456621,0.0045662100456621,0,0,0.28310502283105,0.0182648401826484,0.0045662100456621,0.0136986301369863,0.0273972602739726,0.0045662100456621,0.0730593607305936,0.045662100456621
Ctrl,353,0.243626062322946,0.0424929178470255,0.0311614730878187,0.0453257790368272,0.028328611898017,0.0254957507082153,0.0198300283286119,0.0028328611898017,0.0538243626062323,0.0623229461756374,0.0028328611898017,0.0198300283286119,0.0538243626062323,0.0708215297450425,0.028328611898017,0.0538243626062323,0.0623229461756374,0.0481586402266289,0.0708215297450425,0.0339943342776204
Ctrl,213,0.0751173708920188,0.0985915492957746,0.225352112676056,0.0704225352112676,0.0422535211267606,0.00938967136150235,0.00469483568075117,0,0.00469483568075117,0.00469483568075117,0,0,0.276995305164319,0.0140845070422535,0.00469483568075117,0.0140845070422535,0.028169014084507,0.00469483568075117,0.0704225352112676,0.0516431924882629
Ctrl,727,0.0605226960110041,0.063273727647868,0.0357634112792297,0.0536451169188446,0.0440165061898212,0.0247592847317744,0.0137551581843191,0.00687757909215956,0.0220082530949106,0.031636863823934,0.00687757909215956,0.0330123796423659,0.0660247592847318,0.125171939477304,0.0330123796423659,0.0343878954607978,0.134800550206327,0.0811554332874828,0.104539202200825,0.0247592847317744
Ctrl,130,0.107692307692308,0.0384615384615385,0.130769230769231,0.0615384615384615,0.123076923076923,0.0461538461538462,0.00769230769230769,0,0.00769230769230769,0.0230769230769231,0,0.0307692307692308,0.107692307692308,0.0923076923076923,0.0384615384615385,0.0461538461538462,0.0538461538461538,0.0153846153846154,0.0307692307692308,0.0384615384615385
Ctrl,977,0.0992835209825998,0.0767656090071648,0.0726714431934493,0.0429887410440123,0.09007164790174,0.0235414534288639,0.00818833162743091,0.00409416581371546,0.0235414534288639,0.0276356192425793,0.00818833162743091,0.0184237461617195,0.0501535312180143,0.120777891504606,0.0286591606960082,0.0194472876151484,0.0491299897645855,0.0726714431934493,0.119754350051177,0.0440122824974411
Ctrl,509,0.0491159135559921,0.0550098231827112,0.0550098231827112,0.0726915520628684,0.0982318271119843,0.068762278978389,0.0196463654223969,0.0275049115913556,0.0589390962671906,0.0432220039292731,0.0216110019646365,0.0117878192534381,0.0667976424361493,0.0333988212180747,0.037328094302554,0.0491159135559921,0.0491159135559921,0.0530451866404715,0.0746561886051081,0.0550098231827112
Ctrl,598,0.0602006688963211,0.0551839464882943,0.0769230769230769,0.0702341137123746,0.068561872909699,0.040133779264214,0.0250836120401338,0.0150501672240803,0.040133779264214,0.0150501672240803,0.0133779264214047,0.0117056856187291,0.0819397993311037,0.0652173913043478,0.0501672240802676,0.0468227424749164,0.0635451505016722,0.0468227424749164,0.0919732441471572,0.0618729096989967
Ctrl,466,0.0879828326180258,0.0579399141630901,0.0836909871244635,0.0515021459227468,0.092274678111588,0.01931330472103,0.0214592274678112,0.0214592274678112,0.0536480686695279,0.0407725321888412,0.0257510729613734,0.0107296137339056,0.055793991416309,0.0386266094420601,0.0643776824034335,0.0407725321888412,0.0450643776824034,0.0515021459227468,0.0729613733905579,0.0643776824034335
Ctrl,580,0.0620689655172414,0.0568965517241379,0.0724137931034483,0.0551724137931034,0.1,0.046551724137931,0.0189655172413793,0.0224137931034483,0.0258620689655172,0.0155172413793103,0.0137931034482759,0.0327586206896552,0.0620689655172414,0.0586206896551724,0.05,0.0275862068965517,0.0655172413793104,0.0741379310344828,0.0793103448275862,0.0603448275862069
Ctrl,3142,0.0442393380012731,0.0598345003182686,0.07511139401655,0.0738383195416932,0.133036282622533,0.047422024188415,0.0210057288351369,0.0222788033099936,0.0302355187778485,0.0197326543602801,0.0101845957988542,0.0283259070655633,0.0394653087205602,0.049013367281986,0.0572883513685551,0.0286441756842775,0.0646085295989815,0.0442393380012731,0.0973901973265436,0.0541056651814131
Ctrl,197,0.0862944162436548,0.0456852791878173,0.0812182741116751,0.0558375634517767,0.0913705583756345,0.050761421319797,0.0355329949238579,0.0456852791878173,0.050761421319797,0.0304568527918782,0.0203045685279188,0.0253807106598985,0.0862944162436548,0.0456852791878173,0.0253807106598985,0.050761421319797,0.050761421319797,0.0558375634517767,0.0355329949238579,0.0253807106598985
Ctrl,130,0.107692307692308,0.0384615384615385,0.123076923076923,0.0615384615384615,0.123076923076923,0.0461538461538462,0.00769230769230769,0,0.00769230769230769,0.0230769230769231,0,0.0307692307692308,0.1,0.1,0.0384615384615385,0.0461538461538462,0.0538461538461538,0.0153846153846154,0.0384615384615385,0.0384615384615385
Ctrl,372,0.0537634408602151,0.0672043010752688,0.126344086021505,0.0940860215053763,0.10752688172043,0.0591397849462366,0.032258064516129,0.0376344086021505,0.0483870967741935,0.032258064516129,0.0161290322580645,0.00806451612903226,0.032258064516129,0.0618279569892473,0.010752688172043,0.0268817204301075,0.021505376344086,0.0376344086021505,0.0725806451612903,0.0537634408602151
Ctrl,2997,0.0677344010677344,0.0777444110777444,0.0637303970637304,0.0463797130463797,0.0800800800800801,0.0367033700367034,0.028028028028028,0.0106773440106773,0.033033033033033,0.021021021021021,0.0103436770103437,0.024024024024024,0.0680680680680681,0.0593927260593927,0.0597263930597264,0.047047047047047,0.0854187520854188,0.0577243910577244,0.0790790790790791,0.044044044044044
Ctrl,2005,0.0618453865336658,0.0593516209476309,0.0483790523690773,0.0668329177057357,0.0927680798004988,0.0708229426433915,0.0184538653366584,0.0149625935162095,0.0408977556109726,0.027930174563591,0.00897755610972569,0.0224438902743142,0.0822942643391521,0.0478802992518703,0.0453865336658354,0.0433915211970075,0.0678304239401496,0.0643391521197007,0.0618453865336658,0.0533665835411471
Ctrl,1361,0.0903747244673034,0.0514327700220426,0.0536370315944159,0.0639235855988244,0.0756796473181484,0.0580455547391624,0.020573108008817,0.0198383541513593,0.0499632623071271,0.0374724467303453,0.0198383541513593,0.0411462160176341,0.0617193240264511,0.0492285084496694,0.0360029390154298,0.0440852314474651,0.0455547391623806,0.0624540778839089,0.0661278471711976,0.0529022777369581
Ctrl,749,0.0520694259012016,0.0440587449933244,0.0694259012016021,0.0600801068090788,0.0881174899866489,0.0534045393858478,0.0253671562082777,0.0133511348464619,0.0534045393858478,0.041388518024032,0.0240320427236315,0.0160213618157543,0.0734312416555407,0.0627503337783712,0.0320427236315087,0.0587449933244326,0.0747663551401869,0.0453938584779706,0.0680907877169559,0.0440587449933244
Ctrl,150,0.0733333333333333,0.0266666666666667,0.0533333333333333,0.0666666666666667,0.106666666666667,0.0533333333333333,0.0333333333333333,0.00666666666666667,0.0533333333333333,0.06,0,0.0133333333333333,0.0533333333333333,0.06,0.02,0.0266666666666667,0.0733333333333333,0.12,0.06,0.04
Ctrl,336,0.0446428571428571,0.0416666666666667,0.0714285714285714,0.0357142857142857,0.0952380952380952,0.0476190476190476,0.0297619047619048,0.0238095238095238,0.0148809523809524,0.0297619047619048,0.00595238095238095,0.0297619047619048,0.0714285714285714,0.0505952380952381,0.0505952380952381,0.0625,0.0803571428571429,0.0505952380952381,0.0982142857142857,0.0654761904761905
Ctrl,890,0.104494382022472,0.0764044943820225,0.0955056179775281,0.0348314606741573,0.0898876404494382,0.0213483146067416,0.0112359550561798,0.00561797752808989,0.0202247191011236,0.0325842696629213,0.00561797752808989,0.0359550561797753,0.0471910112359551,0.107865168539326,0.0348314606741573,0.0213483146067416,0.0640449438202247,0.050561797752809,0.101123595505618,0.0393258426966292
Ctrl,509,0.0491159135559921,0.0392927308447937,0.0609037328094303,0.068762278978389,0.0982318271119843,0.0451866404715128,0.0255402750491159,0.0176817288801572,0.0550098231827112,0.0216110019646365,0.0176817288801572,0.0157170923379175,0.0766208251473477,0.0746561886051081,0.0412573673870334,0.0255402750491159,0.0805500982318271,0.0589390962671906,0.0746561886051081,0.0530451866404715
Ctrl,499,0.0541082164328657,0.0541082164328657,0.062124248496994,0.064128256513026,0.0821643286573146,0.0821643286573146,0.0260521042084168,0.0160320641282565,0.0741482965931864,0.0380761523046092,0.00801603206412826,0.0120240480961924,0.032064128256513,0.0541082164328657,0.0380761523046092,0.0380761523046092,0.0861723446893788,0.0460921843687375,0.0721442885771543,0.0601202404809619
Ctrl,130,0.107692307692308,0.0384615384615385,0.123076923076923,0.0615384615384615,0.123076923076923,0.0461538461538462,0.00769230769230769,0,0.00769230769230769,0.0230769230769231,0,0.0307692307692308,0.107692307692308,0.0923076923076923,0.0384615384615385,0.0461538461538462,0.0538461538461538,0.0153846153846154,0.0384615384615385,0.0384615384615385
Ctrl,130,0.107692307692308,0.0384615384615385,0.130769230769231,0.0615384615384615,0.115384615384615,0.0461538461538462,0.0153846153846154,0,0.00769230769230769,0.0230769230769231,0,0.0307692307692308,0.107692307692308,0.0923076923076923,0.0384615384615385,0.0461538461538462,0.0538461538461538,0.0153846153846154,0.0384615384615385,0.0307692307692308
Ctrl,128,0.1015625,0.0390625,0.125,0.0625,0.125,0.046875,0.0078125,0,0.0078125,0.0234375,0,0.03125,0.1015625,0.09375,0.0390625,0.046875,0.0546875,0.015625,0.03125,0.046875
Ctrl,129,0.10077519379845,0.0387596899224806,0.131782945736434,0.062015503875969,0.116279069767442,0.0465116279069767,0.0155038759689922,0,0.00775193798449612,0.0232558139534884,0,0.0232558139534884,0.108527131782946,0.0930232558139535,0.0387596899224806,0.0465116279069767,0.0542635658914729,0.0155038759689922,0.0465116279069767,0.0310077519379845
Ctrl,130,0.107692307692308,0.0384615384615385,0.130769230769231,0.0615384615384615,0.123076923076923,0.0461538461538462,0.00769230769230769,0,0.00769230769230769,0.0230769230769231,0,0.0307692307692308,0.1,0.1,0.0384615384615385,0.0461538461538462,0.0538461538461538,0.0153846153846154,0.0384615384615385,0.0307692307692308
Ctrl,473,0.0613107822410148,0.0591966173361522,0.0951374207188161,0.080338266384778,0.0993657505285412,0.0211416490486258,0.0105708245243129,0.0211416490486258,0.040169133192389,0.040169133192389,0.040169133192389,0.0380549682875264,0.0169133192389006,0.0824524312896406,0.0507399577167019,0.0295983086680761,0.0422832980972516,0.0486257928118393,0.0634249471458774,0.0591966173361522
Ctrl,467,0.0942184154175589,0.0877944325481799,0.100642398286938,0.0385438972162741,0.0513918629550321,0.0171306209850107,0.0256959314775161,0.0214132762312634,0.0492505353319058,0.0278372591006424,0.00642398286937901,0.0813704496788009,0.0513918629550321,0.0449678800856531,0.0321199143468951,0.0406852248394004,0.0492505353319058,0.0299785867237687,0.102783725910064,0.0471092077087794
Ctrl,366,0.0819672131147541,0.0491803278688525,0.101092896174863,0.0628415300546448,0.0819672131147541,0.0245901639344262,0.0163934426229508,0.0191256830601093,0.0218579234972678,0.0355191256830601,0.0327868852459016,0.0245901639344262,0.0327868852459016,0.0819672131147541,0.0573770491803279,0.0163934426229508,0.0765027322404372,0.0519125683060109,0.0655737704918033,0.0655737704918033
Ctrl,1383,0.0845986984815618,0.052060737527115,0.0556760665220535,0.0614605929139552,0.0809833694866233,0.0542299349240781,0.0166305133767173,0.0180766449746927,0.0549530007230658,0.0368763557483731,0.0108459869848156,0.0281995661605206,0.0527838033261027,0.0549530007230658,0.0491684743311641,0.0462762111352133,0.046999276934201,0.0542299349240781,0.0824295010845987,0.0585683297180043
Ctrl,130,0.115384615384615,0.0461538461538462,0.123076923076923,0.0692307692307692,0.123076923076923,0.0384615384615385,0.00769230769230769,0,0.00769230769230769,0.0230769230769231,0,0.0230769230769231,0.1,0.0923076923076923,0.0384615384615385,0.0538461538461538,0.0538461538461538,0.0153846153846154,0.0384615384615385,0.0307692307692308
Ctrl,435,0.0804597701149425,0.0758620689655172,0.105747126436782,0.0574712643678161,0.105747126436782,0.0298850574712644,0.0206896551724138,0.0252873563218391,0.0459770114942529,0.0367816091954023,0.0367816091954023,0.0206896551724138,0.0160919540229885,0.0574712643678161,0.064367816091954,0.032183908045977,0.0344827586206897,0.0459770114942529,0.0551724137931034,0.0528735632183908
Ctrl,417,0.0911270983213429,0.0767386091127098,0.117505995203837,0.052757793764988,0.115107913669065,0.0191846522781775,0.0143884892086331,0.0311750599520384,0.0359712230215827,0.0359712230215827,0.0407673860911271,0.0623501199040767,0.00959232613908873,0.0695443645083933,0.052757793764988,0.026378896882494,0.0359712230215827,0.0311750599520384,0.0503597122302158,0.0311750599520384
Ctrl,1065,0.0676056338028169,0.0544600938967136,0.0948356807511737,0.0507042253521127,0.100469483568075,0.0300469483568075,0.015962441314554,0.0178403755868545,0.0197183098591549,0.0197183098591549,0.0112676056338028,0.0431924882629108,0.0732394366197183,0.0685446009389671,0.0516431924882629,0.0469483568075117,0.0525821596244131,0.0553990610328638,0.0779342723004695,0.047887323943662
Ctrl,476,0.100840336134454,0.0546218487394958,0.0840336134453782,0.0441176470588235,0.0798319327731092,0.0525210084033613,0.0168067226890756,0.0252100840336134,0.0483193277310924,0.0546218487394958,0.0273109243697479,0.0147058823529412,0.0420168067226891,0.0210084033613445,0.0525210084033613,0.0714285714285714,0.0357142857142857,0.0420168067226891,0.0651260504201681,0.0672268907563025
Ctrl,58,0.0344827586206897,0.0689655172413793,0.0172413793103448,0.0517241379310345,0.0172413793103448,0.0862068965517241,0.0517241379310345,0.0689655172413793,0.0172413793103448,0.0517241379310345,0,0.0172413793103448,0.103448275862069,0.120689655172414,0.0689655172413793,0.0172413793103448,0.0689655172413793,0.0689655172413793,0.0172413793103448,0.0517241379310345
Ctrl,130,0.107692307692308,0.0384615384615385,0.123076923076923,0.0615384615384615,0.123076923076923,0.0461538461538462,0.00769230769230769,0,0.00769230769230769,0.0230769230769231,0,0.0307692307692308,0.1,0.1,0.0384615384615385,0.0461538461538462,0.0538461538461538,0.0153846153846154,0.0461538461538462,0.0307692307692308
Ctrl,128,0.1015625,0.0390625,0.1328125,0.0625,0.125,0.046875,0.0078125,0,0.0078125,0.0234375,0,0.03125,0.1015625,0.09375,0.0390625,0.046875,0.0546875,0.015625,0.03125,0.0390625
Ctrl,2157,0.062586926286509,0.0547056096430227,0.0505331478905888,0.062586926286509,0.0755679184051924,0.0806675938803894,0.0245711636532221,0.0217895224849328,0.0398701900788132,0.0426518312471025,0.0134445989800649,0.0292072322670376,0.0621233194251275,0.0394065832174316,0.0352341214649977,0.0537783959202596,0.0458970792767733,0.0598052851182197,0.0760315252665739,0.0681502086230876
Ctrl,2157,0.0621233194251275,0.0556328233657858,0.0528511821974965,0.0635141400092721,0.0751043115438109,0.0788131664348632,0.0250347705146036,0.0217895224849328,0.0398701900788132,0.0435790449698656,0.0134445989800649,0.0268891979601298,0.0635141400092721,0.0389429763560501,0.0366249420491423,0.0547056096430227,0.0449698655540102,0.0588780713954567,0.0755679184051924,0.0681502086230876
Ctrl,131,0.106870229007634,0.0381679389312977,0.114503816793893,0.0458015267175573,0.122137404580153,0.0610687022900763,0.00763358778625954,0,0.00763358778625954,0.0229007633587786,0,0.0381679389312977,0.0916030534351145,0.0916030534351145,0.0458015267175573,0.0458015267175573,0.0534351145038168,0.0152671755725191,0.0610687022900763,0.0305343511450382
Ctrl,2164,0.0637707948243993,0.0568391866913124,0.0563770794824399,0.0702402957486137,0.0822550831792976,0.0702402957486137,0.0212569316081331,0.0212569316081331,0.0420517560073937,0.0406654343807763,0.0129390018484288,0.0268022181146026,0.0591497227356747,0.0374306839186691,0.0374306839186691,0.044362292051756,0.0452865064695009,0.0582255083179298,0.0878003696857671,0.0656192236598891
Ctrl,825,0.0557575757575758,0.0787878787878788,0.0678787878787879,0.0496969696969697,0.104242424242424,0.0351515151515151,0.0303030303030303,0.0206060606060606,0.0327272727272727,0.0181818181818182,0.0109090909090909,0.0266666666666667,0.0533333333333333,0.0715151515151515,0.0509090909090909,0.04,0.0751515151515151,0.0448484848484848,0.0848484848484849,0.0484848484848485
Ctrl,2194,0.0651777575205105,0.0537830446672744,0.0733819507748405,0.0660893345487694,0.0806745670009116,0.0660893345487694,0.028714676390155,0.0200546946216955,0.0419325432999088,0.0423883318140383,0.0127620783956244,0.0200546946216955,0.0597082953509572,0.0396536007292616,0.0378304466727438,0.0515041020966272,0.0533272561531449,0.0483135824977211,0.0660893345487694,0.0715587967183227
Ctrl,116,0.103448275862069,0.0603448275862069,0.0603448275862069,0.0517241379310345,0.0431034482758621,0.0172413793103448,0.00862068965517241,0.0431034482758621,0.0948275862068965,0.0258620689655172,0.00862068965517241,0.0517241379310345,0.0775862068965517,0.0344827586206897,0.0258620689655172,0.0344827586206897,0.0689655172413793,0.0172413793103448,0.137931034482759,0.0258620689655172
Ctrl,182,0.137362637362637,0.0714285714285714,0.0659340659340659,0.0384615384615385,0.0989010989010989,0.0164835164835165,0.010989010989011,0.043956043956044,0.0384615384615385,0.021978021978022,0.0164835164835165,0.032967032967033,0.0604395604395604,0.0604395604395604,0.0274725274725275,0.021978021978022,0.0659340659340659,0.021978021978022,0.0824175824175824,0.0659340659340659
Ctrl,2179,0.0670032124827903,0.0587425424506654,0.049564020192749,0.070215695273061,0.0890316659017898,0.0670032124827903,0.0243230839834787,0.0201927489674162,0.039008719596145,0.039008719596145,0.0114731528223956,0.0247820100963745,0.062413951353832,0.0362551629187701,0.0371730151445617,0.0536943552088114,0.0472693896282698,0.0536943552088114,0.0706746213859569,0.0784763653051859
Ctrl,2150,0.0576744186046512,0.0558139534883721,0.0553488372093023,0.0609302325581395,0.0758139534883721,0.0841860465116279,0.0227906976744186,0.0223255813953488,0.0413953488372093,0.0432558139534884,0.0134883720930233,0.027906976744186,0.0618604651162791,0.04,0.0330232558139535,0.0558139534883721,0.0474418604651163,0.0576744186046512,0.0753488372093023,0.067906976744186
Ctrl,2193,0.0702234382124943,0.0597355221158231,0.074327405380757,0.0697674418604651,0.0848153214774282,0.0574555403556772,0.0227998176014592,0.0191518467852257,0.0414956680346557,0.0383036935704514,0.0145918832649339,0.02234382124943,0.0501595987232102,0.0460556315549476,0.0355677154582763,0.0451436388508892,0.0510715914272686,0.0519835841313269,0.0747834017327861,0.0702234382124943
Ctrl,2153,0.0617742684626103,0.0562006502554575,0.0487691593125871,0.0654900139340455,0.0757083139804923,0.0784951230840687,0.0260102183000464,0.0218300046446818,0.0399442638179285,0.0455178820250813,0.0134695773339526,0.0274036228518347,0.0645610775661867,0.0357640501625639,0.0376219228982815,0.0520204366000929,0.0445889456572225,0.0603808639108221,0.0747793776126335,0.0696702275894101
Ctrl,2178,0.0661157024793388,0.0583103764921947,0.0518824609733701,0.0651974288337925,0.0890725436179982,0.0716253443526171,0.0220385674931129,0.019742883379247,0.0385674931129477,0.0399449035812672,0.0114784205693297,0.0229568411386593,0.0601469237832874,0.0404040404040404,0.0367309458218549,0.054178145087236,0.04178145087236,0.0587695133149679,0.0748393021120294,0.0762167125803489
Ctrl,2209,0.0642824807605251,0.053870529651426,0.072883657763694,0.0624717066545948,0.0810321412403803,0.060208239022182,0.0303304662743323,0.019013128112268,0.038026256224536,0.044363965595292,0.012675418741512,0.0230873698506111,0.0561339972838388,0.0434585785423268,0.0366681756450883,0.0529651425984608,0.0502489814395654,0.0529651425984608,0.0683567224988683,0.0769578995020371
Ctrl,2184,0.0682234432234432,0.0526556776556777,0.0686813186813187,0.0787545787545788,0.0746336996336996,0.0526556776556777,0.032051282051282,0.021978021978022,0.0448717948717949,0.0412087912087912,0.0151098901098901,0.0247252747252747,0.0517399267399267,0.0412087912087912,0.0402930402930403,0.0531135531135531,0.0558608058608059,0.0462454212454212,0.0686813186813187,0.0673076923076923
Ctrl,481,0.0602910602910603,0.0478170478170478,0.0748440748440748,0.0582120582120582,0.103950103950104,0.0582120582120582,0.0207900207900208,0.0291060291060291,0.0332640332640333,0.0561330561330561,0.027027027027027,0.0187110187110187,0.0602910602910603,0.0457380457380457,0.0311850311850312,0.051975051975052,0.0436590436590437,0.0457380457380457,0.0935550935550936,0.0395010395010395
Ctrl,2193,0.0706794345645235,0.0556315549475604,0.0761513907888737,0.0697674418604651,0.084359325125399,0.0574555403556772,0.0227998176014592,0.0182398540811674,0.0414956680346557,0.0387596899224806,0.0141358869129047,0.0241678066575467,0.0506155950752394,0.0437756497948016,0.0383036935704514,0.0455996352029184,0.0501595987232102,0.0519835841313269,0.0761513907888737,0.0697674418604651
Ctrl,2209,0.0647351742870077,0.0534178361249434,0.072883657763694,0.0624717066545948,0.0796740606609325,0.0606609325486646,0.0303304662743323,0.019013128112268,0.0384789497510186,0.0439112720688094,0.012675418741512,0.0235400633770937,0.0565866908103214,0.0434585785423268,0.0366681756450883,0.0534178361249434,0.0511543684925306,0.0525124490719783,0.0683567224988683,0.076052512449072
Ctrl,2205,0.0657596371882086,0.054875283446712,0.0757369614512472,0.0648526077097506,0.0798185941043084,0.0607709750566893,0.0303854875283447,0.019047619047619,0.036734693877551,0.0453514739229025,0.0122448979591837,0.0231292517006803,0.0557823129251701,0.0444444444444444,0.035827664399093,0.0507936507936508,0.0517006802721088,0.0507936507936508,0.0671201814058957,0.0748299319727891
Ctrl,2206,0.0652765185856754,0.0543970988213962,0.0752493200362647,0.0679963735267452,0.0806890299184043,0.057116953762466,0.0303717135086129,0.0181323662737987,0.0380779691749773,0.0453309156844968,0.0126926563916591,0.0217588395285585,0.0557570262919311,0.042157751586582,0.0403445149592022,0.0507706255666364,0.0485040797824116,0.0539437896645512,0.0693563009972801,0.07207615593835
Ctrl,2206,0.0643699002719855,0.0534904805077063,0.0757026291931097,0.0652765185856754,0.0802357207615594,0.0593834995466908,0.0294650951949229,0.0185856754306437,0.0371713508612874,0.0462375339981868,0.0126926563916591,0.0217588395285585,0.056663644605621,0.0439709882139619,0.0407978241160471,0.0498640072529465,0.0498640072529465,0.0539437896645512,0.0702629193109701,0.0702629193109701
Ctrl,2207,0.0666062528318985,0.0548255550521069,0.0765745355686452,0.0638876302673312,0.0792931581332125,0.0598096964204803,0.0303579519710014,0.019030357951971,0.0376076121431808,0.0453103760761214,0.012686905301314,0.0231082917988219,0.0566379700951518,0.0425917535115541,0.0362483008608971,0.0516538287267784,0.0516538287267784,0.050747621205256,0.0657000453103761,0.0756683280471228
Ctrl,153,0.0261437908496732,0.0522875816993464,0.0457516339869281,0.111111111111111,0.0718954248366013,0.0392156862745098,0.0261437908496732,0.0196078431372549,0.0522875816993464,0.0196078431372549,0,0.0392156862745098,0.130718954248366,0.0130718954248366,0.0196078431372549,0.0588235294117647,0.0457516339869281,0.0457516339869281,0.0915032679738562,0.0915032679738562
Ctrl,201,0.0746268656716418,0.0646766169154229,0.0895522388059701,0.054726368159204,0.0696517412935323,0.0298507462686567,0.0298507462686567,0.0149253731343284,0.0348258706467662,0.0398009950248756,0.0348258706467662,0.0398009950248756,0.054726368159204,0.0497512437810945,0.0298507462686567,0.0348258706467662,0.114427860696517,0.0447761194029851,0.0597014925373134,0.0348258706467662
Ctrl,86,0.0697674418604651,0.116279069767442,0.0232558139534884,0.0348837209302326,0.0348837209302326,0.0232558139534884,0.0116279069767442,0.0813953488372093,0.0232558139534884,0.0232558139534884,0.0116279069767442,0.0348837209302326,0.104651162790698,0.0930232558139535,0.0930232558139535,0.0116279069767442,0.0348837209302326,0.0232558139534884,0.0813953488372093,0.0697674418604651
Ctrl,206,0.0825242718446602,0.0728155339805825,0.0728155339805825,0.058252427184466,0.0825242718446602,0.0242718446601942,0.0242718446601942,0.0145631067961165,0.0339805825242718,0.0388349514563107,0.0388349514563107,0.0339805825242718,0.0631067961165049,0.0631067961165049,0.029126213592233,0.0436893203883495,0.087378640776699,0.0436893203883495,0.058252427184466,0.0339805825242718
Ctrl,206,0.0825242718446602,0.0728155339805825,0.0728155339805825,0.0533980582524272,0.0825242718446602,0.0339805825242718,0.0242718446601942,0.0145631067961165,0.029126213592233,0.0388349514563107,0.0388349514563107,0.0339805825242718,0.058252427184466,0.0631067961165049,0.029126213592233,0.0436893203883495,0.0922330097087379,0.0436893203883495,0.058252427184466,0.0339805825242718
Ctrl,210,0.080952380952381,0.0714285714285714,0.0857142857142857,0.0619047619047619,0.0714285714285714,0.0285714285714286,0.0285714285714286,0.0142857142857143,0.0333333333333333,0.0380952380952381,0.0333333333333333,0.0380952380952381,0.0523809523809524,0.0571428571428571,0.0285714285714286,0.0333333333333333,0.104761904761905,0.0428571428571429,0.0571428571428571,0.0380952380952381
Ctrl,210,0.080952380952381,0.0761904761904762,0.080952380952381,0.0571428571428571,0.080952380952381,0.0238095238095238,0.0238095238095238,0.0142857142857143,0.0333333333333333,0.0380952380952381,0.0380952380952381,0.0333333333333333,0.0571428571428571,0.0666666666666667,0.0285714285714286,0.0333333333333333,0.1,0.0428571428571429,0.0571428571428571,0.0333333333333333
Ctrl,210,0.080952380952381,0.0761904761904762,0.0857142857142857,0.0619047619047619,0.0714285714285714,0.0238095238095238,0.0285714285714286,0.0142857142857143,0.0333333333333333,0.0380952380952381,0.0333333333333333,0.0380952380952381,0.0523809523809524,0.0619047619047619,0.0285714285714286,0.0333333333333333,0.104761904761905,0.0428571428571429,0.0523809523809524,0.0380952380952381
Ctrl,210,0.0904761904761905,0.0761904761904762,0.080952380952381,0.0571428571428571,0.080952380952381,0.0285714285714286,0.0238095238095238,0.0142857142857143,0.0333333333333333,0.0380952380952381,0.0380952380952381,0.0285714285714286,0.0571428571428571,0.0619047619047619,0.0285714285714286,0.0333333333333333,0.104761904761905,0.0380952380952381,0.0523809523809524,0.0285714285714286
Ctrl,210,0.0857142857142857,0.0761904761904762,0.0857142857142857,0.0619047619047619,0.0714285714285714,0.0285714285714286,0.0285714285714286,0.0142857142857143,0.0333333333333333,0.0380952380952381,0.0333333333333333,0.0380952380952381,0.0523809523809524,0.0571428571428571,0.0285714285714286,0.0333333333333333,0.1,0.0428571428571429,0.0571428571428571,0.0333333333333333
Ctrl,210,0.080952380952381,0.0761904761904762,0.080952380952381,0.0571428571428571,0.080952380952381,0.0238095238095238,0.0238095238095238,0.0142857142857143,0.0333333333333333,0.0380952380952381,0.0380952380952381,0.0333333333333333,0.0523809523809524,0.0666666666666667,0.0285714285714286,0.0380952380952381,0.104761904761905,0.0428571428571429,0.0523809523809524,0.0333333333333333
Ctrl,210,0.0761904761904762,0.0761904761904762,0.0857142857142857,0.0619047619047619,0.0714285714285714,0.0285714285714286,0.0285714285714286,0.0142857142857143,0.0333333333333333,0.0380952380952381,0.0333333333333333,0.0380952380952381,0.0523809523809524,0.0619047619047619,0.0285714285714286,0.0333333333333333,0.1,0.0476190476190476,0.0571428571428571,0.0333333333333333
Ctrl,210,0.0714285714285714,0.0761904761904762,0.0857142857142857,0.0619047619047619,0.0714285714285714,0.0285714285714286,0.0285714285714286,0.0142857142857143,0.0380952380952381,0.0333333333333333,0.0333333333333333,0.0380952380952381,0.0571428571428571,0.0619047619047619,0.0285714285714286,0.0333333333333333,0.1,0.0476190476190476,0.0571428571428571,0.0333333333333333
Ctrl,210,0.080952380952381,0.0761904761904762,0.0857142857142857,0.0619047619047619,0.0714285714285714,0.0285714285714286,0.0285714285714286,0.0142857142857143,0.0333333333333333,0.0380952380952381,0.0333333333333333,0.0380952380952381,0.0523809523809524,0.0619047619047619,0.0285714285714286,0.0333333333333333,0.1,0.0428571428571429,0.0571428571428571,0.0333333333333333
Ctrl,118,0.0508474576271186,0.0338983050847458,0.0593220338983051,0.0508474576271186,0.127118644067797,0.0338983050847458,0.00847457627118644,0.0169491525423729,0.0169491525423729,0.0677966101694915,0.0423728813559322,0.0254237288135593,0.0338983050847458,0.076271186440678,0.0423728813559322,0.0338983050847458,0.0423728813559322,0.0423728813559322,0.101694915254237,0.0932203389830508
Ctrl,189,0.0264550264550265,0.0476190476190476,0.0423280423280423,0.0423280423280423,0.105820105820106,0.0740740740740741,0.0158730158730159,0.0317460317460317,0.037037037037037,0.0423280423280423,0.0158730158730159,0.0158730158730159,0.100529100529101,0.0211640211640212,0.0317460317460317,0.0634920634920635,0.0529100529100529,0.0793650793650794,0.0582010582010582,0.0952380952380952
Ctrl,113,0.0530973451327434,0.0353982300884956,0.0442477876106195,0.0884955752212389,0.0707964601769911,0.0353982300884956,0.00884955752212389,0.0265486725663717,0.106194690265487,0.0707964601769911,0.00884955752212389,0.0176991150442478,0.0265486725663717,0.0530973451327434,0.0442477876106195,0.0176991150442478,0.0265486725663717,0.0707964601769911,0.106194690265487,0.0884955752212389
Ctrl,2183,0.0677966101694915,0.0517636280348145,0.0664223545579478,0.076042143838754,0.0774163994502978,0.0526797984425103,0.0320659642693541,0.0233623453962437,0.0426019239578562,0.0453504351809437,0.0137425561154375,0.0242785158039395,0.0513055428309666,0.0453504351809437,0.0412276683463124,0.0494732020155749,0.0577187356848374,0.0448923499770957,0.0710032065964269,0.0655061841502519
Ctrl,2201,0.0658791458427987,0.0540663334847796,0.0672421626533394,0.0736029077691958,0.0772376192639709,0.0554293502953203,0.0327124034529759,0.0222626079054975,0.0431621990004543,0.0422535211267606,0.0145388459791004,0.0240799636528851,0.0554293502953203,0.0431621990004543,0.0427078600636075,0.0467969104952294,0.0513402998636983,0.0513402998636983,0.06860517946388,0.0681508405270332
Ctrl,2193,0.0688554491564067,0.0560875512995896,0.0752393980848153,0.0734154126766986,0.0825353397172823,0.0583675330597355,0.0237118103055176,0.0191518467852257,0.0410396716826265,0.0392156862745098,0.0141358869129047,0.0246238030095759,0.0510715914272686,0.0428636570907433,0.0387596899224806,0.0483356133150935,0.0492476060191518,0.0519835841313269,0.0679434564523484,0.0734154126766986
Ctrl,519,0.0558766859344894,0.0635838150289017,0.0500963391136802,0.0712909441233141,0.0886319845857418,0.046242774566474,0.00963391136801541,0.0115606936416185,0.0385356454720617,0.0404624277456647,0.0115606936416185,0.0134874759152216,0.0366088631984586,0.046242774566474,0.0443159922928709,0.0751445086705202,0.046242774566474,0.0500963391136802,0.111753371868979,0.0886319845857418
Ctrl,2182,0.0682859761686526,0.0540788267644363,0.0655362053162236,0.078826764436297,0.0792850595783685,0.0513290559120073,0.0297891842346471,0.0238313473877177,0.041704857928506,0.0426214482126489,0.0151237396883593,0.0215398716773602,0.0527039413382218,0.0430797433547204,0.041704857928506,0.0554537121906508,0.0559120073327223,0.0458295142071494,0.0692025664527956,0.0641613198900092
Ctrl,2187,0.0667581161408322,0.0530406950160037,0.0676726108824874,0.0763603109282122,0.0800182898948331,0.0530406950160037,0.031092821216278,0.0228623685413809,0.0420667581161408,0.0425240054869684,0.0146319158664838,0.0233196159122085,0.0553269318701417,0.0425240054869684,0.0397805212620027,0.0489254686785551,0.0534979423868313,0.0493827160493827,0.0727023319615912,0.0644718792866941
Ctrl,2185,0.0704805491990847,0.0549199084668192,0.0663615560640732,0.0764302059496568,0.0778032036613272,0.0549199084668192,0.0279176201372998,0.0237986270022883,0.0434782608695652,0.0430205949656751,0.0146453089244851,0.0224256292906178,0.0540045766590389,0.0411899313501144,0.0416475972540046,0.0494279176201373,0.0544622425629291,0.045766590389016,0.071395881006865,0.0659038901601831
Ctrl,2193,0.0697674418604651,0.0556315549475604,0.0766073871409029,0.0683994528043776,0.0816233470132239,0.0615595075239398,0.0232558139534884,0.0191518467852257,0.0405836753305974,0.039671682626539,0.0141358869129047,0.0237118103055176,0.0492476060191518,0.0451436388508892,0.039671682626539,0.0492476060191518,0.0492476060191518,0.0528955768353853,0.0702234382124943,0.0702234382124943
Ctrl,2196,0.0660291438979964,0.0551001821493625,0.0678506375227687,0.0769581056466302,0.0787795992714025,0.0541894353369763,0.0309653916211293,0.0236794171220401,0.0432604735883424,0.0400728597449909,0.0145719489981785,0.0250455373406193,0.0528233151183971,0.040528233151184,0.040983606557377,0.0500910746812386,0.0555555555555556,0.0491803278688525,0.0705828779599271,0.063752276867031
Ctrl,2193,0.0683994528043776,0.0524395804833561,0.0688554491564067,0.0747834017327861,0.079343365253078,0.0560875512995896,0.0287277701778386,0.0250797993616051,0.0424076607387141,0.0410396716826265,0.0145918832649339,0.0250797993616051,0.0551755585955312,0.04468764249886,0.0378476972184223,0.0478796169630643,0.0560875512995896,0.0478796169630643,0.0688554491564067,0.0647514819881441
Ctrl,2206,0.0648232094288305,0.0525838621940163,0.0729827742520399,0.0661831368993654,0.0775158658204896,0.0621033544877607,0.0321849501359927,0.0217588395285585,0.0398912058023572,0.042611060743427,0.0131459655485041,0.0222121486854034,0.0530371713508613,0.0457842248413418,0.0344514959202176,0.0512239347234814,0.0512239347234814,0.0498640072529465,0.0693563009972801,0.0770625566636446
Ctrl,2214,0.0650406504065041,0.0532971996386631,0.0722673893405601,0.0650406504065041,0.0776874435411021,0.0596205962059621,0.032520325203252,0.0185185185185185,0.039747064137308,0.0465221318879855,0.0130984643179765,0.019873532068654,0.0560072267389341,0.042457091237579,0.0347786811201445,0.0514905149051491,0.0528455284552846,0.0514905149051491,0.0686540198735321,0.0790424570912376
Ctrl,2183,0.0687127805771874,0.0522217132386624,0.0673385249656436,0.076042143838754,0.0783325698579936,0.0535959688502061,0.032524049473202,0.0238204306000916,0.0421438387540082,0.0444342647732478,0.0142006413192854,0.0251946862116354,0.0535959688502061,0.0412276683463124,0.0398534127347687,0.049015116811727,0.0554283096655978,0.0471827759963353,0.0719193770041228,0.0632157581310124
Ctrl,2185,0.0709382151029748,0.0544622425629291,0.0677345537757437,0.0741418764302059,0.0791762013729977,0.0549199084668192,0.0292906178489703,0.0233409610983982,0.0421052631578947,0.0421052631578947,0.0146453089244851,0.0224256292906178,0.0530892448512586,0.0398169336384439,0.0425629290617849,0.0498855835240275,0.0544622425629291,0.045766590389016,0.0704805491990847,0.068649885583524
Ctrl,2185,0.0709382151029748,0.0549199084668192,0.0677345537757437,0.0759725400457666,0.0796338672768879,0.0526315789473684,0.0279176201372998,0.0237986270022883,0.0439359267734554,0.0425629290617849,0.0146453089244851,0.0224256292906178,0.0540045766590389,0.0407322654462243,0.0421052631578947,0.0489702517162471,0.0535469107551487,0.045766590389016,0.0704805491990847,0.0672768878718535
Ctrl,2184,0.0677655677655678,0.0535714285714286,0.0728021978021978,0.0782967032967033,0.0787545787545788,0.0503663003663004,0.0302197802197802,0.0228937728937729,0.0453296703296703,0.0402930402930403,0.0146520146520147,0.0238095238095238,0.0508241758241758,0.0407509157509158,0.043040293040293,0.0531135531135531,0.0512820512820513,0.0467032967032967,0.0686813186813187,0.0668498168498168
Ctrl,2191,0.0666362391602008,0.0515746234596075,0.0657234139662255,0.0807850296668188,0.076220903696942,0.0529438612505705,0.0292104062072113,0.0214513920584208,0.0433591967138293,0.0424463715198539,0.0146052031036057,0.0269283432222729,0.0534002738475582,0.0424463715198539,0.0401643085349156,0.0520310360565952,0.0543130990415335,0.0502053856686445,0.0702875399361022,0.0652670013692378
Ctrl,2203,0.0685428960508398,0.0517476168860645,0.0689968225147526,0.0753517930095325,0.0771674988651838,0.0535633227417158,0.029505220154335,0.0245120290512937,0.0444847934634589,0.0394916023604176,0.0145256468452111,0.0258738084430322,0.053109396277803,0.0453926463912846,0.0390376758965048,0.0490240581025874,0.0576486609169315,0.0494779845665002,0.070812528370404,0.0617339990921471
Ctrl,2195,0.0697038724373576,0.0537585421412301,0.061503416856492,0.0774487471526196,0.0801822323462415,0.0519362186788155,0.0296127562642369,0.0218678815489749,0.042369020501139,0.0428246013667426,0.0145785876993166,0.0255125284738041,0.0519362186788155,0.042369020501139,0.0414578587699317,0.0510250569476082,0.0542141230068337,0.0478359908883827,0.0738041002277904,0.0660592255125285
Ctrl,2193,0.0674874601003192,0.0542635658914729,0.0693114455084359,0.0775193798449612,0.0807113543091655,0.0515275877792978,0.0291837665298678,0.0227998176014592,0.0437756497948016,0.0410396716826265,0.0145918832649339,0.0259917920656635,0.0519835841313269,0.0424076607387141,0.0410396716826265,0.0478796169630643,0.0547195622435021,0.0474236206110351,0.0706794345645235,0.0656634746922025
